,tran_amt,principal_amt,interest_amt,tran_count
0,0.6006301794971259,0.6074458171043514,0.0,0.6363636363636365
1,0.6262785202948126,0.6327781865363141,0.016386182462356066,0.16233766233766234
2,0.5204683147018373,0.5263357993183025,0.001039781260831055,0.6363636363636365
3,0.6773184751560462,0.6843912531300343,0.01654985173489429,0.2077922077922078
4,0.6034760376626582,0.6103239685821413,0.0,0.6363636363636365
5,0.576116655499524,0.5806889945122532,0.053048099510917705,0.15584415584415584
6,0.6033367422505908,0.6101081963833727,0.0020217968960603845,0.15584415584415584
7,0.5606506330006701,0.5659119870550947,0.029710786767820695,0.33116883116883117
8,0.5867411926508446,0.593162767490655,0.006383101628990642,0.1168831168831169
9,0.46424304404556194,0.4688109311265841,0.018898987176031116,0.6363636363636365
10,0.5843033466163557,0.590880218611119,0.0014441406400431316,0.6363636363636365
11,0.5956367034594633,0.6021071492640742,0.007788731851965956,0.13636363636363638
12,0.44992911803082136,0.4538809215648442,0.031145299803596874,0.6363636363636365
13,0.6094008534048031,0.6161833428855626,0.003581468787306966,0.07142857142857142
14,0.5894477554043094,0.5959842118947188,0.0041109870219894476,0.2337662337662338
15,0.6071146454138309,0.6140038653538682,0.0,0.36363636363636365
16,0.6104806573332864,0.6161833428855626,0.03306119305272076,0.07142857142857142
17,0.6300049370525796,0.6371539040680371,0.0,0.1103896103896104
18,0.6094463448178581,0.6161833428855626,0.004823429737744059,0.07142857142857142
19,0.5967648199739042,0.6035365954998836,0.0,0.4935064935064935
20,0.6258422964347428,0.6325317425869768,0.011129510532599068,0.13636363636363638
21,0.5514380928871179,0.5571819508873944,0.013863750144414063,0.6363636363636365
22,0.6052614874634129,0.6121296787348117,0.0,0.6363636363636365
23,0.60558768558028,0.6120965104464059,0.009800901143759387,0.2142857142857143
24,0.6357400289170223,0.6428831017556724,0.0019158932491238879,0.6363636363636365
25,0.5186010508869062,0.5244748086849559,0.00029845573227558055,0.6363636363636365
26,0.613976443206263,0.6208226234832195,0.0032637578464974775,0.2077922077922078
27,0.6031932150791692,0.6100379366756744,0.0,0.6363636363636365
28,0.6159692492153613,0.62273853794898,0.005949859436977702,0.27272727272727276
29,0.5179458334802695,0.523522201176012,0.008125698001309353,0.6103896103896105
30,0.6030140705998519,0.6098567593583613,0.0,0.6363636363636365
31,0.6257160489473499,0.6325192598977918,0.008019794354372858,0.2532467532467533
32,0.5559833550798745,0.5616853484970664,0.016386182462356066,0.6363636363636365
33,0.6468173643192158,0.6540722276928104,0.0022913698155351023,0.1103896103896104
34,0.6231963888986847,0.6302680960653494,0.0,0.24025974025974028
35,0.6079528864125261,0.6147342809953197,0.0031674818038279354,0.16233766233766234
36,0.5916623761328773,0.596362259052892,0.05436708129549043,0.14935064935064934
37,0.600592798956166,0.607408012388534,0.0,0.6363636363636365
38,0.6045149345840534,0.6112416245613672,0.0035910963915739206,0.16233766233766234
39,0.625893430193603,0.6328726983258575,0.003321523472099203,0.16233766233766234
40,0.6035945269245689,0.610443802398317,0.0,0.6363636363636365
41,0.6102919913954227,0.6170660473350708,0.004082104209188585,0.24675324675324678
42,0.5124431357336813,0.5182580728225821,0.0,0.6363636363636365
43,0.630245794689142,0.6369563209306522,0.011909346478222359,0.14935064935064934
44,0.5583101174313221,0.5642114881398403,0.011716794392883274,0.6363636363636365
45,0.6095299220650986,0.6162860575851418,0.004332421920129395,0.19480519480519481
46,0.6175991818598583,0.6246073748441001,0.0,0.6363636363636365
47,0.6167704623197094,0.6233847846004987,0.010378557399776639,0.12987012987012989
48,0.422396233734175,0.4263191438444472,0.023491354411368272,0.6363636363636365
49,0.6209306344112565,0.6276510111156565,0.008790002695729193,0.16233766233766234
50,0.4884282540466199,0.4938066245988153,0.004428697962798937,0.6363636363636365
51,0.661541065698064,0.6687939546692926,0.006854854238071398,0.17532467532467533
52,0.28823747222907925,0.2886422150995601,0.07736742788924404,0.6363636363636365
53,0.508213139612794,0.5139800769147643,0.0,0.33766233766233766
54,0.6462090489120852,0.6531114172738306,0.011620518350213733,0.16233766233766234
55,0.5185569700603025,0.5244095420529316,0.0008568567797589249,0.6363636363636365
56,0.6399682618048455,0.6469863400149007,0.00658528131859668,0.16233766233766234
57,0.41761716683711253,0.42132321498436276,0.027881541957099396,0.6363636363636365
58,0.60940296928448,0.6161833428855626,0.003639234412908692,0.07142857142857142
59,0.6349716119476673,0.6417047358966119,0.012746948049447376,0.28571428571428575
60,0.6039672743943295,0.6102390862956836,0.015702622559402316,0.16233766233766234
61,0.6689110272595832,0.6765014802686132,0.0,0.5064935064935066
62,0.6020411185950559,0.6088727668023238,0.0,0.6363636363636365
63,0.6209867052226964,0.628021925308581,0.00030808333654253474,0.6363636363636365
64,0.6039471735373982,0.610662427783185,0.0037258828513112795,0.2272727272727273
65,0.6064767076912226,0.6130862093746422,0.007355489659953017,0.13636363636363638
66,0.5388193391402476,0.5441650026053155,0.020747487195286324,0.6363636363636365
67,0.5870860810381917,0.5931716836972156,0.015558208495398004,0.19480519480519481
68,0.5220587509256974,0.52429470131243,0.09955905572457349,0.6363636363636365
69,0.731737137214797,0.7390718514288934,0.026148573189047637,0.2532467532467533
70,0.5903879112741123,0.5970873249704072,0.0,0.6363636363636365
71,0.4159484430652044,0.4193341876248046,0.0360168675626757,0.6363636363636365
72,0.6311859505589449,0.6380187761044238,0.008895906342665691,0.13636363636363638
73,0.0,0.0,0.0,0.6363636363636365
74,0.6737570970130832,0.6793343374170748,0.05583047714406747,0.36363636363636365
75,0.4663659766547943,0.4699193939262088,0.04693457080140178,0.6363636363636365
76,0.6128680749021406,0.6196806357469267,0.0038317864982477757,0.18831168831168832
77,0.5782159607856967,0.5845935796893095,0.004958216197481418,0.6363636363636365
78,0.6093617096307791,0.6161833428855626,0.0025128047136750487,0.07142857142857142
79,0.6024022287265931,0.6092379746230495,0.0,0.5714285714285715
80,0.5982565151461721,0.6040740644313618,0.026215966418916315,0.12987012987012989
81,0.6007359734809747,0.6075528115830796,0.0,0.6363636363636365
82,0.6174496596960186,0.6240745423400335,0.010301536565641005,0.19480519480519481
83,0.4595154635539726,0.46447159171762875,0.006970385489274849,0.6363636363636365
84,0.5982053813873118,0.5939937579421111,0.2969345708014018,0.2532467532467533
85,0.5875226575448743,0.5938482454510405,0.00921361728347518,0.6363636363636365
86,0.5243019360299045,0.5300948720042884,0.004226518273192898,0.6363636363636365
87,0.6307655957964524,0.6376360925188391,0.007750221434898141,0.15584415584415584
88,0.6209338082307719,0.6279798408136146,0.0,0.6363636363636365
89,0.5970596325422295,0.603834753447273,0.0,0.6363636363636365
90,0.5984987833691857,0.6051443658669067,0.003937690145184272,0.12987012987012989
91,0.6055294988891632,0.6124007314142565,0.0,0.6363636363636365
92,0.6081013506365271,0.6139881728303214,0.027361651326683868,0.16233766233766234
93,0.6020485241739253,0.6088524378513654,0.0007509531328224285,0.6363636363636365
94,0.6125725570405897,0.6195237105114586,0.0,0.6363636363636365
95,0.5307031773459816,0.5366397242680954,0.0023106250240690104,0.6363636363636365
96,0.6433878760094509,0.64942510083338,0.03411060191781877,0.2077922077922078
97,0.6013421730084283,0.6081419945126099,0.0006450494858859322,0.6363636363636365
98,0.600716930563882,0.6074283413394924,0.0028401432587514923,0.2077922077922078
99,0.6309824734633425,0.6378511514210828,0.00786575268610159,0.2012987012987013
100,0.5482780265895546,0.5534514100624027,0.028295528940578425,0.4480519480519481
101,0.609851183129386,0.6161833428855626,0.015875919436207492,0.07142857142857142
102,0.5221641922629333,0.5280623335567141,0.0007316979242885201,0.6363636363636365
103,0.5888450823429842,0.5953504479323852,0.004765664112142334,0.6363636363636365
104,0.4700617131572451,0.47407719936958853,0.03559325297492972,0.6363636363636365
105,0.26387840744789653,0.262512736801072,0.11769746216351523,0.6363636363636365
106,0.7727379483020066,0.7772549710526437,0.11477067046636115,0.24025974025974028
107,0.46928871178192333,0.47452300969762296,0.0024550390880733234,0.6363636363636365
108,0.5992051345346828,0.6054728389166024,0.014354757962028728,0.16233766233766234
109,0.5346263709137073,0.540608862780651,0.0022721146070011937,0.6363636363636365
110,0.369248157421448,0.37335723352222616,0.002185466168598606,0.4740259740259741
111,0.6162481926861093,0.6232078870623347,0.0008953671968267416,0.6363636363636365
112,0.6609535564410904,0.6664953566179473,0.05286517502984557,0.25974025974025977
113,0.6093225658567549,0.6161045236195661,0.003571841183040012,0.2532467532467533
114,0.600514511408118,0.6072318281468949,0.0026187083606115454,0.5389610389610391
115,0.6099065486476003,0.6161833428855626,0.017387453306119304,0.07142857142857142
116,0.4758352435024862,0.479166570074429,0.05583047714406747,0.6363636363636365
117,0.6048622914976902,0.6117245263086941,3.851041706781684e-05,0.6363636363636365
118,0.5194350601262475,0.5253289812734697,9.62760426695421e-06,0.6363636363636365
119,0.5842853616391015,0.5903359733626546,0.01564485693380059,0.19480519480519481
120,0.6092167718729062,0.6161298456461985,0.0,0.006493506493506494
121,0.6128783016539127,0.6197002514013602,0.003581468787306966,0.17532467532467533
122,0.6584314278661354,0.665749248452949,0.004149497439057265,0.2532467532467533
123,0.6027767394294178,0.6095068874129199,0.002965302114221897,0.35064935064935066
124,0.6093416087738478,0.6161833428855626,0.001964031270458659,0.07142857142857142
125,0.4924717001093205,0.49761348815196643,0.012053760542226672,0.6363636363636365
126,0.6104492717847445,0.6161833428855626,0.032204336272961834,0.07142857142857142
127,0.4685449800754664,0.4738617838190824,0.0,0.6363636363636365
128,0.5195859928765385,0.5247512110883371,0.019726961142989177,0.5194805194805195
129,0.6364414430299398,0.6427208267962679,0.025445758077559978,0.12987012987012989
130,0.47485312268575663,0.4795250015781686,0.01934185697231101,0.6363636363636365
131,0.7567048700497232,0.7525895338714205,0.3428871259675742,0.19480519480519481
132,0.6000969778185281,0.606906564931561,0.0,0.34415584415584416
133,0.609291532954826,0.6161298456461985,0.0020410521045942927,0.08441558441558442
134,0.6326691822125049,0.6397010859582943,0.003976200562252089,0.16233766233766234
135,0.6108195507282153,0.6177165737657384,0.0009242500096276043,0.14285714285714288
136,0.5157435553831505,0.5215121315689706,0.0022624870027342396,0.6363636363636365
137,0.4513351200761717,0.4560047619676,0.012198174606230985,0.5454545454545455
138,0.6095493176288042,0.6161833428855626,0.00763469018369469,0.07142857142857142
139,0.37037733187572736,0.3745801804140901,0.0,0.6363636363636365
140,0.46853863243643545,0.4737209077554235,0.0036296068086417374,0.6363636363636365
141,0.6069266847691929,0.6137085605925783,0.002840143258751492,0.24025974025974028
142,0.5155615897309307,0.5211947146154101,0.005863210998575114,0.6363636363636365
143,0.6005466022498854,0.607361291466156,0.0,0.6363636363636365
144,0.5985890609020701,0.6053248298876951,0.0015307890784457196,0.1168831168831169
145,0.6048330218288254,0.6116963510959623,0.0,0.36363636363636365
146,0.6489678033642488,0.6547962236655381,0.04145646397350483,0.2207792207792208
147,0.569134605212117,0.5746109948239638,0.026504794546924944,0.33116883116883117
148,0.609339140247558,0.6161833428855626,0.0018966380405899795,0.06493506493506494
149,0.6086049299996473,0.6155110609108868,0.0,0.6363636363636365
150,0.6061307613640371,0.6128914794233569,0.0031674818038279354,0.19480519480519481
151,0.5237451070282471,0.527944639630113,0.04706935726113914,0.35064935064935066
152,0.6219317981450788,0.6288425729604267,0.0039569453537181805,0.1038961038961039
153,0.6117293789893148,0.6186709645159945,0.0,0.2272727272727273
154,0.6093380823077195,0.6161833428855626,0.0018677552277891168,0.07142857142857142
155,0.6321500863984202,0.6393233954483836,0.0,0.6363636363636365
156,0.6055947385125366,0.6124667113428057,0.0,0.6363636363636365
157,0.6090418591529428,0.6158762687316126,0.0020699349173951553,0.24025974025974028
158,0.5991099199492189,0.6057681436778924,0.003783648476913005,0.6363636363636365
159,0.6248633494375286,0.6319536157535818,9.62760426695421e-06,0.6363636363636365
160,0.6035543252107064,0.6095193701021049,0.02385720337351253,0.12987012987012989
161,0.6180015516450965,0.6246719281795995,0.009242500096276042,0.24025974025974028
162,0.6047991677539938,0.6116621128627693,0.0,0.5064935064935066
163,0.5163546919631837,0.5192263728550728,0.08065044094427543,0.16233766233766234
164,0.6093952110589979,0.6161833428855626,0.0034274271190356987,0.07142857142857142
165,0.6001043833973975,0.606410110550262,0.0136038048292063,0.34415584415584416
166,0.6591494163698558,0.6653301867445967,0.03506373474024724,0.2532467532467533
167,0.5207074091053355,0.5263218900360679,0.007942773520237223,0.6363636363636365
168,0.6038565433579011,0.6107087920573006,0.0,0.6363636363636365
169,0.5578788306238318,0.5621853693609897,0.05463665421496515,0.6363636363636365
170,0.6059766547942307,0.6117220297708571,0.030529133130511803,0.2337662337662338
171,0.5996674542441021,0.6058847676597062,0.015856664227673584,0.13636363636363638
172,0.6535888845787636,0.6604976027887041,0.013709708476142796,0.2532467532467533
173,0.6629047501498748,0.6696656030226653,0.020554935109947242,0.2077922077922078
174,0.5179401911344642,0.5238078764342164,0.00025994531520776373,0.6363636363636365
175,0.6067852734774483,0.6135291665165772,0.003822158893980822,0.24675324675324678
176,0.6265923757802306,0.6337026188325262,0.0,0.4285714285714286
177,0.5290411538597172,0.5345390660023974,0.013642315246274116,0.6363636363636365
178,0.6050312092252355,0.6118825214889495,0.0003851041706781685,0.09740259740259741
179,0.5816514440878796,0.5869759900823251,0.034437940462895215,0.27272727272727276
180,0.6118753746870261,0.6186417193584753,0.004775291716409289,0.12987012987012989
181,0.6189699192439257,0.6259936666401559,0.0,0.6363636363636365
182,0.6308844377049759,0.6380433848345313,0.0,0.6363636363636365
183,0.6233720069118737,0.6283339925382051,0.05700504486463588,0.24025974025974028
184,0.47953944352364497,0.48384757851878984,0.03059652636038048,0.4155844155844156
185,0.6093966216454492,0.6161833428855626,0.0034659375361035154,0.07142857142857142
186,0.6116175900130479,0.6185522006446061,0.00015404166827126737,0.6363636363636365
187,0.6586412526007688,0.6656030226653538,0.013825239727346245,0.15584415584415584
188,0.5978315759777127,0.6045031122910621,0.0030326953440905765,0.6363636363636365
189,0.6098011073103643,0.6166480555715057,0.001964031270458659,0.15584415584415584
190,0.6111993511302324,0.6181349221775659,0.0,0.6363636363636365
191,0.6284765666325776,0.6352672347597956,0.009203989679208225,0.18831168831168832
192,0.5023937652078851,0.5079937358299187,0.0027246120075480416,0.6363636363636365
193,0.6040533201678598,0.6108493114726969,0.0015789270997804907,0.1103896103896104
194,0.5409122967873894,0.5467061214751114,0.009290638117610814,0.6363636363636365
195,0.6037366435095392,0.6105582864905561,0.0007894635498902453,0.14935064935064934
196,0.47177416510914416,0.47583797184119314,0.034813417029306425,0.6363636363636365
197,0.5149490425644462,0.5197502891525788,0.0281318596680402,0.6363636363636365
198,0.6092721373911204,0.6155181938761354,0.01802287518773828,0.12987012987012989
199,0.39248580597383365,0.39693525015130804,0.00011553125120345053,0.6363636363636365
200,0.7013224247981098,0.7092499936694934,0.0008279739669580622,0.25974025974025977
201,0.6217547695454385,0.6288101179685458,0.0,0.6363636363636365
202,0.6714807631272702,0.6774212761374138,0.04532676088882042,0.16883116883116883
203,0.6094347074796347,0.6161833428855626,0.00450571879693457,0.07142857142857142
204,0.609479493599464,0.616395548601707,0.0,0.24675324675324678
205,0.6657015904362239,0.6728793605153995,0.010157122501636693,0.16233766233766234
206,0.6131748774553021,0.6201303692058477,6.739322986867948e-05,0.6363636363636365
207,0.5850728215255493,0.5913902256263903,0.008684099048792698,0.18831168831168832
208,0.4843675282998907,0.4898143039492019,0.0013382369931066354,0.6363636363636365
209,0.6092781323835385,0.6084512085561344,0.2089575230099742,0.2272727272727273
210,0.48933561378142965,0.49435728951600333,0.01433550275349482,0.6363636363636365
211,0.6513770850230984,0.6585955976051783,0.004669388069472793,0.2012987012987013
212,0.61090489120852,0.6178367642301765,9.62760426695421e-06,0.6363636363636365
213,0.5674679973198857,0.5691350174026519,0.1288269726961143,0.2532467532467533
214,0.5363374122791551,0.5422426684708314,0.004881195363345785,0.6363636363636365
215,0.6368836618824276,0.6439498367085931,0.004342049524396349,0.2532467532467533
216,0.6162890996931975,0.623282426549182,0.0,0.6363636363636365
217,0.6027552279860352,0.6095129504333812,0.0022143489813994683,0.16883116883116883
218,0.5963042634975492,0.6028832158831164,0.005064119844417915,0.2012987012987013
219,0.6095151109073598,0.6161833428855626,0.00670081256980013,0.07142857142857142
220,0.5273153013365307,0.5332233905623024,0.0020410521045942927,0.6363636363636365
221,0.6122654018408153,0.6191749085108045,0.0010301536565641006,0.14285714285714288
222,0.6070215467080439,0.6138362406705273,0.0019832864789925673,0.6363636363636365
223,0.6093669993299715,0.6161833428855626,0.0026572187776793626,0.07142857142857142
224,0.60963853722185,0.6161833428855626,0.010070474063234105,0.07142857142857142
225,0.61126635398667,0.6161833428855626,0.05451149535949474,0.07142857142857142
226,0.5790330429876221,0.5856036075685042,0.0,0.6363636363636365
227,0.6390647811827768,0.6448118555588803,0.04061886240227981,0.2532467532467533
228,0.605069295059421,0.6118725353376014,0.0016944583509839412,0.16883116883116883
229,0.41458511126000636,0.4168554822009335,0.06570839912196248,0.6363636363636365
230,0.6094061431039955,0.6161833428855626,0.0037258828513112795,0.07142857142857142
231,0.4750297986387841,0.4804201887168616,0.0,0.6363636363636365
232,0.5666727792079558,0.555250343898087,0.48192898679092694,0.13636363636363638
233,0.603383644250097,0.6102305267373853,0.0,0.6363636363636365
234,0.5897020136121592,0.5963333705436354,0.0016270651211152615,0.6363636363636365
235,0.6140614310399549,0.6161833428855626,0.1308198867793738,0.07142857142857142
236,0.6093331452551398,0.6161833428855626,0.0017329687680517577,0.07142857142857142
237,0.6020196071516734,0.6088313956038822,0.0005295182346824817,0.6363636363636365
238,0.6085929400148112,0.6154700463607077,0.0007798359456232911,0.01948051948051948
239,0.6094043798709313,0.6161833428855626,0.0036777448299765087,0.03896103896103896
240,0.5134284303699264,0.5183893193831555,0.023356567951630918,0.6363636363636365
241,0.6152971047713087,0.6221768169356567,0.0027631224246158588,0.18831168831168832
242,0.5821902881122827,0.587554830212245,0.033523318057534564,0.3246753246753247
243,0.6104129491836231,0.6161833428855626,0.031212693033465553,0.07142857142857142
244,0.5917872130338189,0.5985025052757195,0.0,0.6363636363636365
245,0.5854610854462743,0.5921045920960326,0.0,0.4935064935064935
246,0.6093066967591777,0.6161833428855626,0.0010108984480301922,0.03896103896103896
247,0.6062806361744896,0.6117698206380223,0.03753802903685447,0.18181818181818182
248,0.6347113587473993,0.6413894588326261,0.01415257827242269,0.12987012987012989
249,0.5817716965828543,0.5880220394360249,0.009483190202949897,0.6363636363636365
250,0.6332722079204429,0.6390562658998253,0.037846112373397,0.14935064935064934
251,0.6088013541629933,0.6156408808784104,0.001858127623522163,0.6363636363636365
252,0.6681503685157104,0.6751715388980211,0.01513459390765202,0.3116883116883117
253,0.6044588637726135,0.6113179472895267,0.0,0.6363636363636365
254,0.6333854074831612,0.6393248220414333,0.03368698733007278,0.2077922077922078
255,0.5496730965899073,0.5558591424820508,0.0013863750144414062,0.6363636363636365
256,0.60887823112459,0.6157596447497988,0.0007509531328224285,0.09740259740259741
257,0.592204041330183,0.5989240635219087,0.0,0.5974025974025975
258,0.6095895193426667,0.6161833428855626,0.00873223707012747,0.07142857142857142
259,0.6052576083506718,0.612125755603925,0.0,0.4155844155844156
260,0.5196078569665339,0.5250768309519335,0.011533869911811144,0.6363636363636365
261,0.6071636632930141,0.6139871028855342,0.0017907343936534833,0.12987012987012989
262,0.5327033889339493,0.5386102059180073,0.0037258828513112795,0.6363636363636365
263,0.5941534718059033,0.6008956151166079,0.0,0.6363636363636365
264,0.6044958916669606,0.6108653606445063,0.013228328262795085,0.2532467532467533
265,0.3971551997743062,0.40050922238909403,0.03111641699079601,0.36363636363636365
266,0.5196928448002257,0.5252005878989958,0.010513343859513998,0.4220779220779221
267,0.5992266459780654,0.6054995875362845,0.01421997150229137,0.14935064935064934
268,0.598779137426385,0.6054714123235527,0.0027631224246158588,0.5129870129870131
269,0.6251620411185951,0.6322303748052255,0.0006931875072207031,0.6363636363636365
270,0.5459674859822972,0.5519998516343229,0.004399815149998074,0.6363636363636365
271,0.651943788129915,0.6592810755655639,0.0016366927253822158,0.15584415584415584
272,0.36572662834573477,0.3658151927166719,0.10963915739207455,0.6363636363636365
273,1.0,1.0,0.30632148496168216,0.35064935064935066
274,0.6077786789857884,0.6146347761301024,0.00109754688643278,0.6363636363636365
275,0.6382455831011743,0.6451371187742142,0.009473562598682943,0.16233766233766234
276,0.6065035088337977,0.6119035637364326,0.040012323333461705,0.14935064935064934
277,0.6032887823112459,0.6101345883547923,0.0,0.6363636363636365
278,0.6085583806467539,0.6154639833402464,0.0,0.6363636363636365
279,0.6849620904891209,0.6925235468099061,0.005699541726036893,0.2532467532467533
280,0.4640748316112424,0.46920360086351676,0.0037066276427773714,0.6363636363636365
281,0.5140413301830236,0.5193112551415305,0.015201987137520698,0.6363636363636365
282,0.5987734950805798,0.6054521533173817,0.0031289713867601186,0.35064935064935066
283,0.6039863173114223,0.6108400386178738,0.0,0.5844155844155845
284,0.6740328666643157,0.6798607502524179,0.04914891978280125,0.13636363636363638
285,0.604676799379342,0.6115383559157069,0.0,0.6363636363636365
286,0.6134055083400924,0.6202862244965286,0.0021565833557977434,0.12987012987012989
287,0.6332813767323765,0.6404418443993561,0.0006931875072207031,0.6363636363636365
288,0.6241753358958988,0.6310220504921211,0.006373474024723688,0.14285714285714288
289,0.38518143668230065,0.38869417875139584,0.023164015866291833,0.6363636363636365
290,0.608853545861692,0.6155870269907838,0.0047367812993414716,0.13636363636363638
291,0.5459047148852135,0.5520957900169159,9.627604266954212e-05,0.6363636363636365
292,0.6210466551468773,0.6276246191442367,0.012669927215311742,0.2532467532467533
293,0.4890862926261593,0.4945003054692368,0.003668117225709554,0.6363636363636365
294,0.5894657403815636,0.595282684762524,0.023539492432703046,0.16233766233766234
295,0.6094040272243185,0.6161833428855626,0.003668117225709554,0.07142857142857142
296,0.6236245018866594,0.629876496273204,0.022259021065198135,0.13636363636363638
297,0.5952343336742251,0.6017957953309749,0.0052085339084222285,0.5714285714285715
298,0.3399058433543746,0.34356176773424574,0.005429968806562175,0.6363636363636365
299,0.6094727933138202,0.6162125880430817,0.004756036507875381,0.12987012987012989
300,0.6006502803540572,0.6074661460553098,0.0,0.6363636363636365
301,0.6130863631554819,0.6197541052889868,0.007807987060499864,0.2532467532467533
302,0.6918866593786367,0.6997378278622896,0.0,0.6363636363636365
303,0.5688690623126565,0.5738784392929377,0.03903030769823237,0.2532467532467533
304,0.5263419966851218,0.5323146507896371,0.0,0.6363636363636365
305,0.5373604401029728,0.5422637107183146,0.03224284669002966,0.6363636363636365
306,0.6094135486828649,0.6161833428855626,0.003928062540917318,0.07142857142857142
307,0.5251348873294073,0.5304372543362188,0.017724419455462704,0.5259740259740261
308,0.6286042247064217,0.6354095374165042,0.008847768321330919,0.14935064935064934
309,0.5274147476813486,0.5332490692371972,0.004062849000654677,0.6363636363636365
310,0.6211369326797617,0.6281513886278421,0.0009146224053606501,0.6363636363636365
311,0.5400987410515923,0.5461315611243408,0.0025898255478106827,0.6363636363636365
312,0.6006174842190641,0.606776388315775,0.017724419455462704,0.16233766233766234
313,0.4628035405719928,0.4663721703081049,0.045432664535756916,0.6363636363636365
314,0.6093190393906267,0.6162332736423025,0.0,0.6363636363636365
315,0.6308223719011179,0.6376703307520322,0.008376015712250162,0.18831168831168832
316,0.11956236555347882,0.1190295743438653,0.05100704740632341,0.6363636363636365
317,0.5508509362767571,0.5560196342001432,0.029210151345939076,0.33766233766233766
318,0.5401618647952886,0.5461736456193073,0.0031771094080948895,0.6363636363636365
319,0.6220531085798922,0.6289559871078786,0.00420726306465899,0.34415584415584416
320,0.5947776563106112,0.6015268825411046,0.0,0.26623376623376627
321,0.6115290757132278,0.6179259262957834,0.014643586090037354,0.12987012987012989
322,0.5789494657403816,0.5854891234762649,0.0008087187584241537,0.6363636363636365
323,0.52249532743238,0.5282057061582099,0.005901721415642932,0.6363636363636365
324,0.6048809817681702,0.6116699591245427,0.0020217968960603845,0.2272727272727273
325,0.6193733469690024,0.6263139367798157,0.0023683906496707358,0.14935064935064934
326,0.5192657897520895,0.5251428108804825,0.00041398698347903105,0.6363636363636365
327,0.6003092710794513,0.606323445022492,0.02153695074517657,0.35064935064935066
328,0.6754924709948161,0.6829500375015648,0.005603265683367351,0.6363636363636365
329,0.6741795676552527,0.6813875614638699,0.01193822929102322,0.19480519480519481
330,0.6238755862749938,0.6309550006187847,0.0,0.6363636363636365
331,0.6021391543534225,0.6089055784424672,0.001790734393653483,0.12337662337662339
332,0.5371097083612513,0.543203478889811,2.888281280086263e-05,0.1168831168831169
333,0.5815858518178934,0.5876932097380668,0.013286093888396812,0.6363636363636365
334,0.6105734033924605,0.6175018715117571,0.0,0.06493506493506494
335,0.6103508833797652,0.6161833428855626,0.02951823468248161,0.07142857142857142
336,0.6017759283422083,0.6085977909919922,0.00018292448107213002,0.6363636363636365
337,0.63647388651832,0.6435272085176165,0.004563484422536296,0.28571428571428575
338,0.5293165708643368,0.5341849142778069,0.030721685215850888,0.6363636363636365
339,0.6225496350107558,0.6293101388324691,0.008202718835444989,0.15584415584415584
340,0.6351669781711747,0.6420250060362719,0.009435052181615127,0.3051948051948052
341,0.2970843178051275,0.30045404890289645,3.851041706781684e-05,0.6363636363636365
342,0.575257255704059,0.5794335926285084,0.06347479493202912,0.3051948051948052
343,0.614862644144303,0.6217545453929426,0.0023009974198020563,0.6363636363636365
344,0.6072553514123498,0.6139703404172,0.004746408903608426,0.14935064935064934
345,0.5768896568748457,0.5834358994294698,0.0,0.6363636363636365
346,0.6569002362732306,0.6636567930972869,0.018831593946162437,0.2272727272727273
347,0.5944574531861622,0.5957556003585028,0.14705202757345862,0.14935064935064934
348,0.6032789082060868,0.6101246022034443,0.0,0.6363636363636365
349,0.5562742885354587,0.5612413214103442,0.03631532329495128,0.33116883116883117
350,0.6093331452551398,0.6161833428855626,0.0017329687680517577,0.07142857142857142
351,0.3827312480163628,0.38585811176857243,0.03283013055031386,0.6363636363636365
352,0.48385372218499845,0.48918232322818034,0.004370932337197212,0.6363636363636365
353,0.5467387241245548,0.5516353571101219,0.035294797242654136,0.6363636363636365
354,0.6130507458475861,0.6190261861853722,0.026485539338391033,0.12987012987012989
355,0.6398994957153437,0.6470526765917123,0.002917164092887126,0.6363636363636365
356,0.6090344535740735,0.6158712756559386,0.002002541687526476,0.19480519480519481
357,0.6059572592305251,0.6128333457565811,0.0,0.6363636363636365
358,0.5929502415629299,0.5988092227814071,0.023472099202834364,0.14935064935064934
359,0.6025605670557534,0.609206589575956,0.005170023491354411,0.6363636363636365
360,0.5751863737348804,0.5809935721283663,0.019428505410713597,0.2532467532467533
361,0.6045008287195401,0.609926662417797,0.03870296915315593,0.2532467532467533
362,0.6206375850759954,0.6276802562731755,0.0,0.4025974025974026
363,0.6093627675706175,0.6161833428855626,0.002541687526475912,0.07142857142857142
364,0.6213901329477731,0.6283179433663958,0.003331151076366157,0.6363636363636365
365,0.6455182141975526,0.6528432177804852,0.0,0.6363636363636365
366,0.6205808089713298,0.6273881613462473,0.006334963607655871,0.12987012987012989
367,0.6273248227950771,0.6344433772735881,0.0,0.6363636363636365
368,0.6204736044010297,0.627298642632378,0.005824700581507298,0.2077922077922078
369,0.6280142469231583,0.6348688586506641,0.007336234451419108,0.13636363636363638
370,0.6205233275734386,0.6274241828207525,0.003793276081179959,0.3246753246753247
371,0.5968878936417816,0.6036382402546754,0.0006161666730850695,0.6363636363636365
372,0.6007878125330607,0.6074611529796358,0.003889552123849501,0.14935064935064934
373,0.598291779807455,0.6050808824761946,0.0,0.5844155844155845
374,0.5897848855661741,0.5961143885105049,0.009800901143759387,0.16233766233766234
375,0.6460161512148677,0.6533425253478836,0.00011553125120345053,0.6363636363636365
376,0.7387272983742992,0.7471099899674845,0.0,0.14935064935064934
377,0.6338099940050076,0.6410021388196298,0.0,0.6363636363636365
378,0.6436957365024509,0.6496376631977868,0.036777448299765085,0.13636363636363638
379,0.6334562894523399,0.6404721595016625,0.004650132860938884,0.13636363636363638
380,0.5509778890573757,0.5562182872823153,0.027313513305349094,0.17532467532467533
381,0.6066703106816659,0.6134610466984536,0.0025224323179420033,0.17532467532467533
382,0.4182307719434355,0.4228931806355687,0.0022528593984672855,0.6363636363636365
383,0.6057506083154072,0.6126243498747986,0.0,0.6363636363636365
384,0.6044137250061713,0.6111114479455811,0.004342049524396349,0.6363636363636365
385,0.6111683182283034,0.6161833428855626,0.05183502137328148,0.07142857142857142
386,0.6091007511372853,0.6160125083678599,0.0,0.6363636363636365
387,0.6575945974538915,0.6647745287517347,0.007615434975160781,0.16233766233766234
388,0.6229319039390627,0.6281752840614249,0.04927407863827165,0.16233766233766234
389,0.6154642592657897,0.622448226263364,0.0,0.6363636363636365
390,0.6093754628486794,0.6161833428855626,0.002888281280086263,0.07142857142857142
391,0.5140039496420638,0.5186239939398327,0.032733854507644315,0.6363636363636365
392,0.6151669781711747,0.6213850577930677,0.0205838179227481,0.14285714285714288
393,0.6098726945727686,0.6161833428855626,0.0164632032964917,0.07142857142857142
394,0.6028366893535988,0.6096773652823603,0.0,0.6363636363636365
395,0.6035888845787637,0.6104380960261181,0.0,0.6363636363636365
396,0.5950851641569983,0.6018378798259414,0.0,0.6363636363636365
397,0.6044997707797017,0.6113432693161591,0.0004332421920129395,0.6363636363636365
398,0.6075780230630885,0.6142891839638102,0.004948588593214465,0.14935064935064934
399,0.6094368233593117,0.6161833428855626,0.004563484422536296,0.07142857142857142
400,0.5592167718729062,0.5644040782015513,0.031270458659067274,0.27272727272727276
401,0.6100402017138625,0.6161833428855626,0.021036315323294953,0.07142857142857142
402,0.5998878583771203,0.6066540579617623,0.0011071744906997344,0.4415584415584416
403,0.5178008957223966,0.5230343063530112,0.017339315284784534,0.5129870129870131
404,0.6148280847762457,0.6161833428855626,0.15175029845573226,0.07142857142857142
405,0.6508703318404627,0.6563718956889428,0.050862633342319094,0.2272727272727273
406,0.4607377367140389,0.46512782452049534,0.022624870027342394,0.6363636363636365
407,0.6480276474944459,0.6546831661663486,0.01884122155042939,0.19480519480519481
408,0.6046027435906478,0.6114634597805971,0.0,0.6363636363636365
409,0.5741122121522023,0.5803494653664222,0.007490276119690376,0.6363636363636365
410,0.6200804034277251,0.6265393384816699,0.015587091308198868,0.2077922077922078
411,0.6302881122826816,0.6370073216321794,0.011687911580082413,0.13636363636363638
412,0.43723560320203125,0.4421960545429321,2.888281280086263e-05,0.6363636363636365
413,0.6133702436788095,0.6202740984556061,0.0015211614741787653,0.6363636363636365
414,0.6014906372324295,0.607589903002372,0.019601802287518774,0.2532467532467533
415,0.6126550763479917,0.6196071662048667,0.0,0.6363636363636365
416,0.6004009591987869,0.6071127076272441,0.002734239611814996,0.12987012987012989
417,0.6069982720315972,0.6138861714272671,0.0,0.6363636363636365
418,0.6109369820502875,0.6170139766887562,0.023096622636423154,0.15584415584415584
419,0.6137168952992207,0.6206810341230359,0.0,0.6363636363636365
420,0.5296004513876644,0.5354160640797067,0.00523741672122309,0.6363636363636365
421,0.6451056176605424,0.6522411955135076,0.004987099010282281,0.6363636363636365
422,0.5929696371266354,0.5984069235413889,0.034861555050641195,0.2532467532467533
423,0.6309147653136792,0.6377441569423546,0.008905533946932645,0.16233766233766234
424,0.5980593856896005,0.6048458512712549,0.0,0.6363636363636365
425,0.6349419896321896,0.6421023987092186,0.0012034505333692763,0.16883116883116883
426,0.6152812356737314,0.6222181881340983,0.0012130781376362306,0.6363636363636365
427,0.6528691328419791,0.6596698221716099,0.016405437670889974,0.12337662337662339
428,0.4980445745318617,0.5034589531731531,0.006402356837524549,0.6363636363636365
429,0.5153485911767818,0.5209992713675999,0.005324065159625679,0.6363636363636365
430,0.6193800472546461,0.6261441722069002,0.00713405476181307,0.24025974025974028
431,0.6092432203688684,0.6161565942658805,0.0,0.0
432,0.6405480128363368,0.6470255713237678,0.021354026264104438,0.12987012987012989
433,0.5882476989808513,0.5949228266657346,0.0,0.4155844155844156
434,0.6093003491201467,0.6161833428855626,0.0008376015712250163,0.012987012987012986
435,0.4258052685403957,0.4279208511910091,0.07332383409712327,0.6363636363636365
436,0.6256850160454209,0.6325206864908415,0.00713405476181307,0.18181818181818182
437,0.7389240751842578,0.747308999697919,0.0,0.6363636363636365
438,0.6110371336883309,0.6143851223464032,0.09679593329995764,0.2077922077922078
439,0.5342176534894383,0.5402796764344304,0.0,0.6363636363636365
440,0.6093867475402899,0.6163017501086886,0.0,0.6363636363636365
441,0.6022756285925874,0.6091003083937525,0.00025994531520776373,0.6363636363636365
442,0.554598159184681,0.5605258849959146,0.009868294373628066,0.6363636363636365
443,0.6093014070599853,0.6161833428855626,0.0008664843840258789,0.032467532467532464
444,0.530421412702331,0.5363683149403881,0.0019447760619247505,0.6363636363636365
445,0.6074937405226223,0.6142963169290587,0.0024550390880733234,0.15584415584415584
446,0.6128338681806962,0.6197879868739173,0.0,0.6363636363636365
447,0.6094907782910746,0.6164069613461047,0.0,0.6363636363636365
448,0.5993155129244984,0.6055170633011435,0.016174375168483076,0.15584415584415584
449,0.7760450682371196,0.7826938570546631,0.058237378210806025,0.3051948051948052
450,0.6143516592023134,0.6211810549869592,0.0038317864982477757,0.3116883116883117
451,0.6094153119159291,0.6161833428855626,0.003976200562252089,0.07142857142857142
452,0.49711111894770255,0.5015373323351937,0.03279162013324605,0.6363636363636365
453,0.615864513171351,0.6226804042822044,0.004659760465205838,0.14935064935064934
454,0.5420827308953697,0.5480456923487892,0.005083375052951824,0.6363636363636365
455,0.6197214091758649,0.625503275279318,0.03375438055994147,0.15584415584415584
456,0.629388510773354,0.6363778374489949,0.004120614626256402,0.35714285714285715
457,0.610146700990937,0.6170703271142198,0.0,0.603896103896104
458,0.6069700603025708,0.6136668327458742,0.005150768282820502,0.18181818181818182
459,0.3710015163804352,0.3752014616872388,0.0002695729194747179,0.6363636363636365
460,0.6018905384913779,0.6085275312842939,0.0052085339084222285,0.2532467532467533
461,0.610605141587615,0.6175339698553756,0.0,0.6363636363636365
462,0.5154427478224072,0.5212877998119038,0.00010590364693649632,0.6363636363636365
463,0.6120315971365096,0.6188489319989458,0.0034466823275696072,0.2532467532467533
464,0.6121479705187431,0.6190943060034959,0.0,0.6363636363636365
465,0.649712945657157,0.6558429863157629,0.03354257326606847,0.2532467532467533
466,0.5739623373417498,0.5804753622030592,0.0,0.6363636363636365
467,0.6507931022322531,0.6570851922137978,0.029498979473947702,0.2272727272727273
468,0.5676601897238778,0.5710741140054703,0.0817287326221743,0.2272727272727273
469,0.583656240081814,0.5893833658537108,0.02418454191858898,0.14935064935064934
470,0.5317135098917375,0.5377471171229328,0.0,0.6363636363636365
471,0.6428476213985965,0.6498537920448179,0.007788731851965956,0.29870129870129875
472,0.6057453186162147,0.6126190001508622,0.0,0.6363636363636365
473,0.6168603872059809,0.623788867081829,0.0019255208533908422,0.14935064935064934
474,0.5998758683922841,0.6066223162664063,0.001636692725382216,0.6363636363636365
475,0.626314842895934,0.632643730141379,0.021007432510494087,0.6363636363636365
476,0.6194265966075396,0.6263167899659151,0.003745138059845188,0.24025974025974028
477,0.6665899072539408,0.6741540214053154,0.0,0.6363636363636365
478,0.6976044715590507,0.7044940890900226,0.02770824508029422,0.3246753246753247
479,0.6090118841908524,0.6158776953246623,0.0012130781376362306,0.4220779220779221
480,0.6093754628486794,0.6161833428855626,0.002888281280086263,0.07142857142857142
481,0.5988877525831364,0.6055955259188776,0.0023780182539376903,0.36363636363636365
482,0.4651909581408471,0.4704343940171541,0.0009531328224284669,0.6363636363636365
483,0.6356028493846317,0.6428153385858112,0.0,0.6363636363636365
484,0.6101170786754594,0.6170403686601759,0.0,0.6363636363636365
485,0.6214306873082485,0.6281021711676272,0.010263026148573188,0.35714285714285715
486,0.6093585358112635,0.6161833428855626,0.002426156275272461,0.07142857142857142
487,0.5435793631202173,0.5491277631769942,0.016732776215966416,0.6363636363636365
488,0.6093983848785133,0.6161833428855626,0.0035140755574382867,0.07142857142857142
489,0.43677680995874035,0.43990672934640995,0.04930296145107251,0.5259740259740261
490,0.6190164685968191,0.6161833428855626,0.26609735433434745,0.07142857142857142
491,0.48799097224671156,0.488163379142425,0.1448280509877922,0.28571428571428575
492,0.659506294742039,0.6669900277579343,0.0,0.6363636363636365
493,0.632449836019325,0.6392046315769953,0.011389455847806831,0.13636363636363638
494,0.21729907959234052,0.218636084315929,0.030471367504910075,0.6363636363636365
495,0.6063310646401242,0.6123686330706382,0.0227500288828128,0.24675324675324678
496,0.5701248369009416,0.5763521516411348,0.006537143297261909,0.6363636363636365
497,0.6095225164862291,0.6161833428855626,0.0069029922594061694,0.07142857142857142
498,0.5998511831293861,0.6066080503359091,0.0013478645973735894,0.6363636363636365
499,0.6093624149240047,0.6161833428855626,0.0025320599222089573,0.07142857142857142
500,0.606783862890997,0.6136693292837112,0.0,0.6363636363636365
501,0.6094727933138202,0.6161833428855626,0.005545500057765625,0.07142857142857142
502,0.519423775434637,0.5252904632611275,0.0007413255285554743,0.6363636363636365
503,0.6406668547448602,0.6467777007813806,0.03128971386760118,0.14935064935064934
504,0.650756074337906,0.6581405144223208,0.0,0.6363636363636365
505,0.5244514581937441,0.5201037275806444,0.2780163284168367,0.3051948051948052
506,0.6400409070070883,0.6473037569684612,0.0,0.09090909090909091
507,0.6093416087738478,0.6161833428855626,0.001964031270458659,0.07142857142857142
508,0.6948118630320557,0.7022768068425109,0.011322062617938153,0.16233766233766234
509,0.6786243255633531,0.6862736426591267,0.0013863750144414062,0.6363636363636365
510,0.6114095285114787,0.6182693785725011,0.002108445334462972,0.14935064935064934
511,0.6554649645590155,0.662807613584447,0.002570570339276774,0.6363636363636365
512,0.6126448495962197,0.6195968234052562,0.0,0.6363636363636365
513,0.6100574813978912,0.6161833428855626,0.021508067932375707,0.07142857142857142
514,0.49428747751877844,0.4989216739785505,0.026312242461585856,0.6363636363636365
515,0.5246909052438552,0.5305745639172533,0.0018966380405899795,0.6363636363636365
516,0.670789223119512,0.6776488177288424,0.02030461739900643,0.15584415584415584
517,0.6071954014881688,0.6140855378059641,0.0,0.6363636363636365
518,0.6154378107698276,0.6220177518106141,0.010898448030192166,0.2077922077922078
519,0.5943939767958529,0.6009808540513282,0.0042650286902607155,0.16233766233766234
520,0.47819480198892694,0.483561546612323,0.0016078099125813531,0.6363636363636365
521,0.6394780830130127,0.6456307199694139,0.029797435206223282,0.2272727272727273
522,0.48278555559473857,0.4878013811560611,0.012487002734239612,0.6363636363636365
523,0.6218700849878337,0.6287238090890384,0.005478106827896945,0.12987012987012989
524,0.6189850830482774,0.6259344630285929,0.00201216929179343,0.1103896103896104
525,0.6047356913636844,0.6115979161755323,0.0,0.6363636363636365
526,0.5144754381634165,0.5201668543230941,0.0039569453537181805,0.6363636363636365
527,0.5766368092534472,0.5822311415989897,0.025619054954365155,0.19480519480519481
528,0.5167478929364884,0.5225767266323167,0.0009435052181615126,0.6363636363636365
529,0.4878023063088479,0.4928336881389131,0.013603804829206301,0.6363636363636365
530,0.38358112635328145,0.3873039638244534,0.017002349135441137,0.6363636363636365
531,0.6362785202948126,0.6428181917719106,0.01836946894134863,0.12987012987012989
532,0.6403752159960504,0.6473237292711572,0.008587823006123155,0.2012987012987013
533,0.5987191875022041,0.6055131401702568,0.0,0.4480519480519481
534,0.6008703318404627,0.6076886945710646,0.0,0.6363636363636365
535,0.6094220122015729,0.6161833428855626,0.00415912504332422,0.07142857142857142
536,0.6126452022428325,0.6195971800535186,0.0,0.1168831168831169
537,0.6103702789434707,0.6161833428855626,0.03004775291716409,0.07142857142857142
538,0.5235243502486159,0.5291051730760521,0.009714252705356799,0.6363636363636365
539,0.5710681665902599,0.5772444855937284,0.008202718835444987,0.16883116883116883
540,0.514819268610925,0.5206533225530452,0.00021180729387299265,0.6363636363636365
541,0.5792425150756427,0.5853796324596997,0.011764932414218044,0.6363636363636365
542,0.6045607786437212,0.6114210186373683,0.0,0.6363636363636365
543,0.6258221955778115,0.6327443049513835,0.004842684946277967,0.16233766233766234
544,0.6223327573438657,0.6291332412943051,0.0070570339276774365,0.12987012987012989
545,0.6120580456324717,0.6190033606965769,0.0,0.28571428571428575
546,0.6248471276933385,0.6317018220803079,0.006363846420456733,0.12987012987012989
547,0.4425457558980146,0.44671193484178906,0.023096622636423154,0.603896103896104
548,0.6811725499876574,0.6889021403532173,0.0,0.6363636363636365
549,0.6267697570264837,0.6272790269779446,0.17824546539839026,0.19480519480519481
550,0.5188348555912121,0.5234016540633115,0.035651018600531444,0.6363636363636365
551,0.6446838523115985,0.6515742632627681,0.01147610428620942,0.14285714285714288
552,0.5990492647318123,0.605846962943889,0.0,0.6363636363636365
553,0.6300528969919245,0.6372024082317272,0.0,0.6363636363636365
554,0.6443802235779525,0.6513267493686434,0.009868294373628066,0.2077922077922078
555,0.5985308742109532,0.60520214288542,0.003254130242230523,0.24675324675324678
556,0.6093543040519096,0.6161833428855626,0.002310625024069011,0.07142857142857142
557,0.6104968790774765,0.6161833428855626,0.03350406284900065,0.07142857142857142
558,0.6045583101174313,0.6114185220995313,0.0,0.6363636363636365
559,0.6142113058504073,0.6210726339151812,0.0029267916971540803,0.17532467532467533
560,0.6433448531226857,0.6506451945391445,0.0,0.6363636363636365
561,0.6026578975208944,0.6094298513882356,0.0018003619979204376,0.17532467532467533
562,0.5720732094368234,0.578564797461235,0.0,0.5259740259740261
563,0.5678781253306062,0.5733787750772767,0.025465013286093886,0.16883116883116883
564,0.6024297351623938,0.609265793187519,0.0,0.6363636363636365
565,0.6031632401170787,0.6099641104853519,0.0011745677205684136,0.1038961038961039
566,0.5085234686320839,0.5137589549920593,0.014441406400431317,0.6363636363636365
567,0.5205850407306838,0.5262609031831927,0.006248315169253283,0.6363636363636365
568,0.6123221779454808,0.6160763484068345,0.08622482381484191,0.09740259740259741
569,0.5891282575730861,0.5956914036712658,0.00329264065929834,0.6363636363636365
570,0.601220862573615,0.6080432029439174,0.0,0.17532467532467533
571,0.6091374263850196,0.6160495997871523,0.0,0.025974025974025976
572,0.6142081320308919,0.6210437454059246,0.003619979204374783,0.13636363636363638
573,0.5303745107028247,0.5363511958237915,0.0011264296992336425,0.6363636363636365
574,0.550247910568819,0.5562938967139499,0.0053433203681595865,0.6363636363636365
575,0.6107402052403287,0.6161833428855626,0.04014710979319906,0.07142857142857142
576,0.5933603695736502,0.6000935131744085,0.0,0.37662337662337664
577,0.6094262439609268,0.6161833428855626,0.004274656294527669,0.07142857142857142
578,0.6093331452551398,0.6161833428855626,0.0017329687680517577,0.07142857142857142
579,0.36547554395740034,0.36885526250560385,0.02071860438248546,0.6363636363636365
580,0.41342701978347496,0.4159460291317434,0.058641737590018096,0.6363636363636365
581,0.6864164051204289,0.6931469679726294,0.028574729464320096,0.2012987012987013
582,0.6093331452551398,0.6161833428855626,0.0017329687680517577,0.07142857142857142
583,0.5839045032972459,0.5884204155451564,0.05695690684330111,0.2012987012987013
584,0.610429876221039,0.6161833428855626,0.03167481803827935,0.07142857142857142
585,0.5188069965087986,0.5237725682562361,0.02487772942580968,0.6363636363636365
586,0.6052896991924392,0.6121460845548834,0.0003273385450764431,0.6363636363636365
587,0.6073710195013577,0.614186469264231,0.0020699349173951553,0.19480519480519481
588,0.5504556194237754,0.555634097428459,0.02882504717526091,0.25974025974025977
589,0.6413121980463378,0.6483109316615565,0.007519158932491239,0.12987012987012989
590,0.6035187079028106,0.610367123021895,0.0,0.13636363636363638
591,0.6095059420954262,0.6161833428855626,0.0064504948588593215,0.025974025974025976
592,0.6061709630778996,0.6130494746036123,0.0,0.6363636363636365
593,0.6454212363790246,0.652032199631725,0.01924558092964147,0.13636363636363638
594,0.600907007088197,0.6076944009432633,0.0008472291754919706,0.38961038961038963
595,0.6371283986317312,0.6440621809112578,0.007990911541571995,0.16233766233766234
596,0.6240938745283352,0.6311757658932273,0.0,0.6363636363636365
597,0.6216560284938464,0.6286071851072246,0.002782377633149767,0.19480519480519481
598,0.589496067990267,0.596185361514728,0.0,0.6363636363636365
599,0.609481609479141,0.6161833428855626,0.00578619016443948,0.07142857142857142
600,0.6086190358641606,0.615525326841384,0.0,0.6363636363636365
601,0.6210932044997708,0.6280975347402157,0.0011745677205684138,0.07792207792207792
602,0.6137253588179286,0.620689593681334,0.0,0.6363636363636365
603,0.5731011743132207,0.5786357704654581,0.026148573189047637,0.2272727272727273
604,0.614063194273019,0.6208361761171918,0.005266299534023953,0.3116883116883117
605,0.6053958458229008,0.6122655617227966,0.0,0.6363636363636365
606,0.26960750431992103,0.2678560410687607,0.12986675395694533,0.6363636363636365
607,0.553619212187467,0.5588250294323979,0.029056109677667807,0.28571428571428575
608,0.649603272560567,0.6560673180728297,0.024492625255131514,0.13636363636363638
609,0.5983076489050323,0.6049421463021103,0.004178380251858127,0.4350649350649351
610,0.6096046831470184,0.6164062480495799,0.0031289713867601186,0.3051948051948052
611,0.5170081461367564,0.5226476996365398,0.0061327839180498325,0.6363636363636365
612,0.6091631695877562,0.6160756351103095,0.0,0.6363636363636365
613,0.6124032866664316,0.6192790498034333,0.0019832864789925673,0.2337662337662338
614,0.5335105970307156,0.5395645966682633,0.0,0.6363636363636365
615,0.6016316958775612,0.6083595499526906,0.0026764739862132707,0.13636363636363638
616,0.41815354233522595,0.42221483564043155,0.018456117379751225,0.6363636363636365
617,0.6106911873611455,0.6163720098163868,0.03371587014287365,0.19480519480519481
618,0.17297739535211765,0.17457754121694807,0.009791273539492433,0.6363636363636365
619,0.6488620093804,0.655657885867563,0.015307890784457195,0.15584415584415584
620,0.6033099411080157,0.6101559872505379,0.0,0.29870129870129875
621,0.6093500722925557,0.6161833428855626,0.00219509377286556,0.07142857142857142
622,0.5243597700744085,0.5299828844498862,0.008828513112797011,0.6363636363636365
623,0.4327852029481257,0.4376348799147468,0.0016559479339161242,0.6363636363636365
624,0.6092277039179039,0.6161409017423338,0.0,0.6363636363636365
625,0.588066438621857,0.5939352676270729,0.021710247621981742,0.12987012987012989
626,0.5977391825651515,0.6045138117389349,0.00022143489813994686,0.6363636363636365
627,0.6076044715590507,0.6143170025282796,0.004919705780413602,0.16233766233766234
628,0.5974916246429454,0.6042516752660507,0.0005391458389494358,0.6363636363636365
629,0.518566491518849,0.5243282262490981,0.003311895867832249,0.6363636363636365
630,0.5965433579010474,0.6026192961689201,0.018716062694958988,0.2532467532467533
631,0.5252600768769616,0.5280191791169604,0.086417375900181,0.16233766233766234
632,0.4018669111683182,0.40633364516279746,0.0025224323179420033,0.6363636363636365
633,0.6004947631977995,0.6073088641715793,0.0,0.14935064935064934
634,0.5441993158655711,0.5502768838785356,0.002637963569145454,0.6363636363636365
635,0.5970765595796452,0.6038518725638695,0.0,0.6363636363636365
636,0.6094459921712452,0.6161833428855626,0.004813802133477105,0.07142857142857142
637,0.6109824734633424,0.617915583496173,0.0,0.4675324675324676
638,0.5643636491871495,0.5707677531480451,0.0,0.6363636363636365
639,0.6032937193638256,0.6079768663671059,0.058381792274810336,0.35714285714285715
640,0.6204066015445922,0.6273606994300405,0.002320252628335965,0.15584415584415584
641,0.6179155058715662,0.6248741477443959,0.0014345130357761773,0.07792207792207792
642,0.6248890926402653,0.6319800077250014,0.0,0.6363636363636365
643,0.6259572592305251,0.6328341803135152,0.006103901105248969,0.13636363636363638
644,0.6115661036075749,0.6185058363704905,0.0,0.6363636363636365
645,0.5197506788447297,0.5254388289382974,0.0056610313089690755,0.6363636363636365
646,0.617955002292203,0.6248028180919104,0.0044383255670658915,0.12987012987012989
647,0.5634182036181543,0.5691285977339283,0.018436862171217313,0.25974025974025977
648,0.613957752935783,0.6207313215280381,0.005218161512689183,0.12987012987012989
649,0.544137602708326,0.5501513436901612,0.004342049524396349,0.6363636363636365
650,0.6530951793208026,0.6599262522722953,0.01565448453806755,0.19480519480519481
651,0.5945544310046902,0.601301124190988,0.0,0.1038961038961039
652,0.6083633670698593,0.6152343018592431,0.0008761119882928333,0.14285714285714288
653,0.6079962619459041,0.6148377089914236,0.0015596718912465823,0.6363636363636365
654,0.6273142433966922,0.6318309287513066,0.07023337312743097,0.2532467532467533
655,0.5672172655781641,0.573547469705405,0.002869026071552355,0.09740259740259741
656,0.6488595408541101,0.6557531109536311,0.012669927215311742,0.15584415584415584
657,0.6078160595267483,0.6147132387478365,0.0,0.6363636363636365
658,0.642553161476884,0.6495039200993765,0.00919436207494127,0.2532467532467533
659,0.5959858236061643,0.6027487594881812,0.0,0.6363636363636365
660,0.663908382409987,0.6709994675241442,0.011947856895290175,0.2077922077922078
661,0.5415315442395177,0.5472150585455955,0.012458119921438748,0.6363636363636365
662,0.6071541418344677,0.6139796132720231,0.0017329687680517581,0.13636363636363638
663,0.6027446485876503,0.6095824968445546,4.813802133477106e-05,0.6363636363636365
664,0.6094220122015729,0.6161833428855626,0.00415912504332422,0.07142857142857142
665,0.4643530697887647,0.46962230592360665,0.0,0.6363636363636365
666,0.5025626829354304,0.5049040919325093,0.09074017021604344,0.16233766233766234
667,0.671545297457418,0.6785921523829632,0.01548118766126237,0.16233766233766234
668,0.5649469266847692,0.5713576493741002,0.0,0.6363636363636365
669,0.6081771696582855,0.6148915628790502,0.0050448646358840065,0.2532467532467533
670,0.5194096695701238,0.5252630013449207,0.00109754688643278,0.6363636363636365
671,0.5235042493916846,0.5290053115625724,0.011861208456887588,0.6363636363636365
672,0.4576922805656452,0.4627404210518057,0.003928062540917318,0.6363636363636365
673,0.6321902881122827,0.6393640533503003,0.0,0.6363636363636365
674,0.4978901153154424,0.5034750023449623,0.0017522239765856663,0.6363636363636365
675,0.6134150297986388,0.6188582048537689,0.040965456155890166,0.12987012987012989
676,0.6382201925450506,0.644127447543282,0.036036122771209614,0.6363636363636365
677,0.6040180555065768,0.6108721369614923,0.0,0.6363636363636365
678,0.6525753782134923,0.6595667508237684,0.011168020949666884,0.14935064935064934
679,0.6090619600098741,0.6153791010537887,0.016039588708745715,0.16883116883116883
680,0.5363021476178722,0.5418032778115207,0.01577964339353795,0.6363636363636365
681,0.43589060902070037,0.43904043071697363,0.048494242692648355,0.6363636363636365
682,0.5989868462813415,0.6057492413199838,0.0009338776138945584,0.1038961038961039
683,0.5973428077723314,0.6040983165132069,0.0006161666730850695,0.6363636363636365
684,0.6367214444405261,0.6437697293360671,0.004775291716409289,0.14935064935064934
685,0.5450781112247417,0.5512066658986841,0.0015307890784457196,0.6363636363636365
686,0.5061258243114575,0.5117927531212965,0.0020603073131282013,0.6363636363636365
687,0.6367401347110061,0.6437415541233354,0.006046135479647245,0.33766233766233766
688,0.34733751807313895,0.35046255496395534,0.022037586167058188,0.6363636363636365
689,0.6096663963042636,0.6161833428855626,0.010831054800323488,0.07142857142857142
690,0.6093712310893254,0.6161833428855626,0.0027727500288828124,0.07142857142857142
691,0.5930331135169447,0.5997625435868758,0.0,0.6363636363636365
692,0.6578238177522305,0.6649289574493658,0.009704625101089845,0.29870129870129875
693,0.631022675177205,0.6381831909534028,0.0,0.6363636363636365
694,0.5425083753570548,0.5486091966034247,0.0014922786613779026,0.6363636363636365
695,0.6251680361110132,0.6319981967863851,0.007124427157546115,0.1038961038961039
696,0.6171132348273796,0.6241159135384751,0.0,0.6363636363636365
697,0.6114172867369609,0.618255112642004,0.0027053567990141334,0.24675324675324678
698,0.6772313714426773,0.6849162393723276,0.0,0.6363636363636365
699,0.5951571040660155,0.6019106360714767,0.0,0.6363636363636365
700,0.5368293543040519,0.5425854074510242,0.009059575615203912,0.6363636363636365
701,0.6112617695807032,0.6127434703944494,0.1472445796587977,0.2532467532467533
702,0.6024523045456148,0.6092572336292207,0.0008472291754919706,0.6363636363636365
703,0.6093655887435201,0.6161833428855626,0.0026187083606115454,0.07142857142857142
704,0.4742814825263604,0.47904067323779204,0.016809797050102052,0.6363636363636365
705,0.6254924709948161,0.6312039411059591,0.03742249778565102,0.14935064935064934
706,0.6240335719575414,0.6311147790403523,0.0,0.5974025974025975
707,0.6098896216101845,0.6161833428855626,0.0169253283013055,0.03896103896103896
708,0.6007493740522623,0.6075153635155247,0.0013767474101744523,0.6363636363636365
709,0.6423063088479035,0.649061319605704,0.0144028959833635,0.33116883116883117
710,0.6036826885777762,0.6105329644639238,0.0,0.33116883116883117
711,0.6117230313502839,0.6177747074325142,0.024020872646050757,0.17532467532467533
712,0.5183136438974504,0.5239862005654302,0.005641776100435167,0.6363636363636365
713,0.5956296505272067,0.6019537905112303,0.011736049601417182,0.2272727272727273
714,0.6024865112670593,0.6093232135577697,0.0,0.6363636363636365
715,0.754125260076877,0.759003852871179,0.09930873801363269,0.2077922077922078
716,0.6030567408400043,0.609899913798115,0.0,0.6363636363636365
717,0.548405332016786,0.5542577917837513,0.010003080833365426,0.2532467532467533
718,0.522373664350954,0.5266300341348052,0.04511495359494743,0.6363636363636365
719,0.6342007264520224,0.6411569241655233,0.006489005275927138,0.14285714285714288
720,0.5098927954296999,0.514438726580246,0.03347518003619979,0.6363636363636365
721,0.5924759318686744,0.5991961861461409,7.702083413563368e-05,0.6363636363636365
722,0.6397446838523116,0.6463151279850122,0.018600531443755536,0.15584415584415584
723,0.6410713404097754,0.6483458831912744,0.0,0.6363636363636365
724,0.5980357583665409,0.6045890645223071,0.0062868255863210995,0.16233766233766234
725,0.6022509433296893,0.6090849725184682,0.0,0.6363636363636365
726,0.60330923581479,0.6095760771758308,0.015635229329533637,0.29870129870129875
727,0.5440399195965723,0.5500974898025346,0.0031289713867601186,0.6363636363636365
728,0.6231949783122334,0.6300009665167912,0.007172565178880887,0.2077922077922078
729,0.603042634975491,0.6097176665360146,0.004534601609735433,0.6363636363636365
730,0.6285234686320839,0.6354109640095539,0.006604536527130589,0.2532467532467533
731,0.6028120040907007,0.6096523999039903,0.0,0.6363636363636365
732,0.6525806679126848,0.6586105768322003,0.03712404205337544,0.27922077922077926
733,0.6090767711676129,0.615972563762468,0.0004236145877459853,0.6363636363636365
734,0.665106322953768,0.6719838167284441,0.01808064081334001,0.2272727272727273
735,0.6075163099058434,0.6144100877247731,0.0,0.5844155844155845
736,0.6056292978805939,0.6125016628725236,0.0,0.6363636363636365
737,0.6035105970307155,0.6103175489134176,0.0011168020949666884,0.1168831168831169
738,0.6278016010156223,0.6349255657243901,0.0,0.6363636363636365
739,0.5883718305885672,0.5941064587930381,0.02542650286902607,0.19480519480519481
740,0.5220742673766618,0.5279499893540494,0.0013093541803057725,0.6363636363636365
741,0.6505857460239095,0.6579158260169915,0.0014152578272422689,0.06493506493506494
742,0.6358313643897451,0.6428855982935094,0.004342049524396349,0.6363636363636365
743,0.5809207603060973,0.5863928701732561,0.03023067739823622,0.19480519480519481
744,0.622144091406002,0.6279149308298527,0.034794161820772516,0.2012987012987013
745,0.4738558380646754,0.47742434331247063,0.0488215812377248,0.6363636363636365
746,0.6226335649046091,0.629546953278721,0.0041013594177224935,0.16233766233766234
747,0.6100648869767606,0.6161833428855626,0.021710247621981746,0.07142857142857142
748,0.6024833374475439,0.6093200037234079,0.0,0.35064935064935066
749,0.6124970906654442,0.619327910615386,0.0032252474294296608,0.14935064935064934
750,0.5209838840497938,0.5268804012150293,0.00041398698347903105,0.6363636363636365
751,0.617073033113517,0.6226793343374171,0.03768244310085878,0.19480519480519481
752,0.5990954614380929,0.6058854809562311,0.00022143489813994686,0.6363636363636365
753,0.35218358782663894,0.3561799832589306,0.0,0.6363636363636365
754,0.4214056493987376,0.4240440845784222,0.05786190164439481,0.6363636363636365
755,0.6136717565327785,0.6203867993065332,0.006710440174067084,0.2077922077922078
756,0.5572267870367106,0.5626504386951953,0.024280817961258517,0.6363636363636365
757,0.5122922029833904,0.5178218919976333,0.007653945392228597,0.6363636363636365
758,0.6015643403745108,0.6083777390140744,0.00034659375361035155,0.6363636363636365
759,0.5992714320978947,0.6060716513492183,0.0,0.6363636363636365
760,0.6050442571499101,0.6118964307711842,0.00036584896214426,0.6363636363636365
761,0.6267009909369821,0.6330645750910434,0.02018908614780298,0.19480519480519481
762,0.5228902916387488,0.5287028738360338,0.003263757846497477,0.6363636363636365
763,0.6078978735409246,0.6147546099462781,0.0011168020949666884,0.2077922077922078
764,0.6122756285925874,0.6161565942658805,0.08278776909153926,0.07792207792207792
765,0.6519787001445851,0.6591755076798854,0.005439596410829129,0.14285714285714288
766,0.25490672497090666,0.2543458482397447,0.09322409211691762,0.6363636363636365
767,0.5973837147794195,0.6039385380916393,0.006046135479647245,0.16883116883116883
768,0.6036389603977854,0.6104887400793828,0.0,0.6363636363636365
769,0.5454734280777234,0.5514623827028446,0.005420341202295221,0.6363636363636365
770,0.6385805973833621,0.6458268765137489,0.0,0.6363636363636365
771,0.6202376838170469,0.6270864369162337,0.005112257865752687,0.12987012987012989
772,0.6088806996508799,0.6157899598521052,0.0,0.4675324675324676
773,0.6093669993299715,0.6161833428855626,0.0026572187776793626,0.07142857142857142
774,0.6088168706139577,0.6157254065166058,0.0,0.6363636363636365
775,0.6988151073808936,0.7067448962742026,0.0,0.6363636363636365
776,0.6387830165391262,0.6453518210281955,0.018350213732814726,0.2272727272727273
777,0.22412843389639248,0.22238303096099238,0.11577194131012439,0.6363636363636365
778,0.5498536516556759,0.5544382558045396,0.044672083798667536,0.27922077922077926
779,0.6796304263497549,0.6873425175016219,0.0,0.3116883116883117
780,0.6095464964559015,0.6161565942658805,0.008279739669580621,0.07792207792207792
781,0.5255739323623797,0.5311245155379165,0.01115839334539993,0.6363636363636365
782,0.6136206227739183,0.6204285271532372,0.004188007856125081,0.19480519480519481
783,0.6261910639348309,0.6332967531098836,0.0,0.37662337662337664
784,0.6518090771238143,0.6590963317656264,0.0029460469056879885,0.12987012987012989
785,0.561726910463025,0.5673781680619341,0.019515153849116184,0.6363636363636365
786,0.6035592622632859,0.6092868354350022,0.03026918781530404,0.19480519480519481
787,0.6016299326444969,0.6084544183904963,6.739322986867948e-05,0.6363636363636365
788,0.6520111436329654,0.6582111307782814,0.0323583779412331,0.2532467532467533
789,0.6039531685298163,0.6108065136812056,0.0,0.6363636363636365
790,0.6170159043622386,0.6239026378775434,0.003100088573959256,0.18831168831168832
791,0.605676552526713,0.6125494537396888,0.0,0.6363636363636365
792,0.4625944211305851,0.4678429877423559,1.925520853390842e-05,0.6363636363636365
793,0.6052029481256833,0.6119467181761864,0.0033407786806331115,0.24675324675324678
794,0.35136474239164933,0.35439531535374336,0.025821234643971194,0.6363636363636365
795,0.8643943294424657,0.8707899010051419,0.0921361728347518,0.2532467532467533
796,0.6228060090982827,0.6294324691864818,0.011899718873955405,0.16233766233766234
797,0.6212628275205417,0.6280797023270943,0.0062868255863210995,0.27922077922077926
798,0.6018588002962232,0.6086883796506488,0.0,0.6363636363636365
799,0.6014271608421201,0.6079889924080285,0.007095544344745254,0.3246753246753247
800,0.6587784321331593,0.6647941444061681,0.039405784264643584,0.25974025974025977
801,0.6061127763867828,0.6129906276403116,0.0,0.6363636363636365
802,0.6144038509010121,0.6213094483614331,0.0017907343936534833,0.14935064935064934
803,0.6809398032231901,0.6886667525000152,0.0,0.6363636363636365
804,0.49859611383432667,0.5034525335044294,0.02163322678784611,0.5844155844155845
805,0.6094431709983426,0.6161833428855626,0.0047367812993414716,0.07142857142857142
806,0.5993641781570689,0.6054828250679505,0.01842723456695036,0.2077922077922078
807,0.4887198927954297,0.494238525644615,0.0007316979242885201,0.6363636363636365
808,0.651390132947773,0.6584547215415194,0.008828513112797011,0.29220779220779225
809,0.6093077546990161,0.6161833428855626,0.001039781260831055,0.01948051948051948
810,0.593784250802271,0.6005222043858464,0.0,0.6363636363636365
811,0.6413897803011602,0.6471660907391642,0.04054184156814418,0.15584415584415584
812,0.4336516556758473,0.43854682952177393,0.0006931875072207031,0.6363636363636365
813,0.6586088091123885,0.6660170912980321,0.0017618515808526206,0.16233766233766234
814,0.5741333709489721,0.5806483366103364,0.0,0.6363636363636365
815,0.6433988080544487,0.6505036051789608,0.005295182346824816,0.2532467532467533
816,0.6151824946221391,0.6210872564939407,0.029046482073400857,0.14285714285714288
817,0.515469901611595,0.5200306146868467,0.03478453421650557,0.6363636363636365
818,0.6044246570511691,0.6110590206510044,0.006055763083914199,0.18831168831168832
819,0.48130091335472724,0.48676246476760976,0.0,0.6363636363636365
820,0.6084804457453187,0.6152621204237124,0.003321523472099203,0.09090909090909091
821,0.5743294424657052,0.5808466330442461,0.0,0.6363636363636365
822,0.4443206263003844,0.4492798023312671,0.002233604189933377,0.6363636363636365
823,0.8563522234368939,0.8655072269420657,0.01518273192898679,0.2532467532467533
824,0.6093479564128786,0.6161833428855626,0.0021373281472638343,0.07142857142857142
825,0.5128716013682689,0.5184663554078398,0.006075018292448107,0.6363636363636365
826,0.5867701096730966,0.5927693844571974,0.017791812685331383,0.19480519480519481
827,0.6009003068025532,0.607669078916631,0.0013478645973735894,0.24025974025974028
828,0.6098956166026026,0.6161833428855626,0.017088997573843724,0.07142857142857142
829,0.6054268787248299,0.6122766178189318,0.00054877344321639,0.6363636363636365
830,0.6445949853651656,0.6511288095829961,0.02107482574036277,0.2272727272727273
831,0.5181225094332969,0.5235660689122906,0.011764932414218044,0.6363636363636365
832,0.6505984413019713,0.6563522800345093,0.04396926868717988,0.15584415584415584
833,0.5687198927954297,0.5746313237749221,0.0146339584857704,0.6363636363636365
834,0.6150410833303946,0.621853336961635,0.00450571879693457,0.14935064935064934
835,0.34914483196388896,0.35275152351221506,0.009589093849886396,0.6363636363636365
836,0.7008089713298304,0.7076989303761961,0.028680633111256595,0.13636363636363638
837,0.6521423281729379,0.6586565844580534,0.02391496899911426,0.19480519480519481
838,0.6368688507246888,0.6440957058479259,0.0,0.6363636363636365
839,0.6073770144937758,0.6141525876793005,0.003148226595294027,0.24025974025974028
840,0.5288683570194308,0.5348518465285463,0.00048138021334771054,0.6363636363636365
841,0.5901368268857778,0.5964478546358746,0.010407440212577503,0.2337662337662338
842,0.52920478188807,0.5338985257230776,0.03540070088959063,0.6363636363636365
843,0.6264608385936453,0.6333880550650651,0.0049004505718796935,0.25974025974025977
844,0.6016944669746448,0.6085221815603575,0.0,0.6363636363636365
845,0.5163113164298057,0.5219657881587784,0.0055166172449647635,0.6363636363636365
846,0.6139436470712699,0.6208354628206669,0.0020217968960603845,0.14935064935064934
847,0.6082325351764997,0.6151344403457634,0.0,0.6363636363636365
848,0.6103734527629863,0.6160717119794228,0.03314784149112335,0.16233766233766234
849,0.5728060090982826,0.5782409608389508,0.028748026341125273,0.6363636363636365
850,0.6093416087738478,0.6161833428855626,0.001964031270458659,0.07142857142857142
851,0.5217029304933527,0.5265362356417868,0.02933531020140948,0.6363636363636365
852,0.5838660648164474,0.590491472005073,0.0,0.6363636363636365
853,0.6630101914871108,0.6705336848934139,0.0,0.6363636363636365
854,0.5941929682265402,0.600782200969156,0.004139869834790311,0.33766233766233766
855,0.49343160418944176,0.4988460645469158,0.004987099010282282,0.6363636363636365
856,0.4533737701449378,0.45835400407220994,0.004438325567065891,0.6363636363636365
857,0.6242606763762034,0.6299271403264687,0.038260099356876034,0.12987012987012989
858,0.6291688119335614,0.6363082910378215,0.0,0.6363636363636365
859,0.6246605776351518,0.6315848414502317,0.004428697962798937,0.2077922077922078
860,0.6130225341185598,0.6199787936943161,0.0,0.6363636363636365
861,0.6034591106252425,0.6103068494655448,0.0,0.6363636363636365
862,0.6333561378142963,0.6403277169553794,0.0058150729772403435,0.2012987012987013
863,0.48319039390626656,0.4878491720232264,0.02224939346093118,0.37662337662337664
864,0.6102017138625384,0.6161833428855626,0.025445758077559978,0.07142857142857142
865,0.6089184328384526,0.6158281212161849,0.0,0.6363636363636365
866,0.5791317840392143,0.5844173954476702,0.034717140986636884,0.6363636363636365
867,0.6240628416264062,0.6298882656658641,0.03390842222821273,0.12987012987012989
868,0.5141806255950911,0.5187035265023541,0.03541032849385759,0.6363636363636365
869,0.6020365341890891,0.6088681303749123,0.0,0.6298701298701299
870,0.5194629192086611,0.5250661315040607,0.00786575268610159,0.6363636363636365
871,0.5491088620093805,0.5551244470614501,0.0058150729772403435,0.6363636363636365
872,0.6094766724265613,0.6162846309920921,0.0029171640928871262,0.19480519480519481
873,0.5948404274076948,0.6015878693939797,6.739322986867948e-05,0.12987012987012989
874,0.5623468632083789,0.5661523679839708,0.06953055801594331,0.2532467532467533
875,0.6115971365095039,0.618537221417584,0.0,0.6363636363636365
876,0.5786112776386783,0.5851770562466408,0.0,0.6363636363636365
877,0.6094262439609268,0.6161833428855626,0.004274656294527669,0.07142857142857142
878,0.6093585358112635,0.6161833428855626,0.002426156275272461,0.07142857142857142
879,0.560797333991607,0.5667722226640698,0.01049408865098009,0.5194805194805195
880,0.42159889974256803,0.42611157455571436,0.007326606847152154,0.6363636363636365
881,0.6938766442148323,0.7017503940071679,0.0,0.08441558441558442
882,0.5289875515745671,0.5348390071910989,0.004082104209188585,0.6363636363636365
883,0.6033388581302677,0.6101720364223472,0.0003562213578773058,0.6363636363636365
884,0.6133885813026766,0.6203489945907158,0.0,0.6363636363636365
885,0.6071841167965581,0.6140188445808902,0.0014922786613779026,0.19480519480519481
886,0.610677786789858,0.6176074393974357,0.0,0.6363636363636365
887,0.6255887435201185,0.6326415902518044,0.0012419609504370932,0.16883116883116883
888,0.5847113587473992,0.5913463578901117,0.0,0.6363636363636365
889,0.6058447649610326,0.6127195749608668,0.0,0.6363636363636365
890,0.6025693832210742,0.6087268976629909,0.01835984133708168,0.19480519480519481
891,0.5312236837465176,0.5370170581297437,0.006334963607655871,0.6363636363636365
892,0.6263814931057587,0.6333252849708779,0.004428697962798937,0.16233766233766234
893,0.4830807208096767,0.4884030467747763,0.004303539107328532,0.6363636363636365
894,0.6411436329654054,0.6472288608333515,0.0321273154388262,0.2532467532467533
895,0.6530549776069401,0.6604655044450857,0.0,0.6363636363636365
896,0.6088094650350884,0.6155438725510302,0.004698270882273655,0.6363636363636365
897,0.6403935536199175,0.6472021122136694,0.01237147148303616,0.16883116883116883
898,0.6128617272631096,0.6197566018268238,0.0016078099125813531,0.6363636363636365
899,0.5900747610819198,0.5953176362922419,0.039222859783571457,0.2532467532467533
900,0.6016182953062736,0.6084419357013113,8.664843840258789e-05,0.09740259740259741
901,0.5319921007158727,0.5379108186753869,0.003186737012361844,0.6363636363636365
902,0.6279423070141411,0.6345835400407221,0.013074286594523818,0.16233766233766234
903,0.609378284021582,0.6161565942658805,0.0036873724342434628,0.07792207792207792
904,0.6423602637796664,0.6496494325904469,0.0,0.38961038961038963
905,0.2242952357442607,0.22523229392952565,0.04341086763969653,0.6363636363636365
906,0.6661610889727404,0.6722876810480324,0.03867408634035507,0.12987012987012989
907,0.5992770744437,0.606077357721417,0.0,0.6363636363636365
908,0.6073230595620129,0.6141483079001513,0.0017907343936534833,0.19480519480519481
909,0.5415438868709667,0.5473052905559896,0.01035930219124273,0.6363636363636365
910,0.6064989244278309,0.6119035637364326,0.039887164477991295,0.14935064935064934
911,0.6704862996790916,0.677629202074409,0.012564023568375245,0.14935064935064934
912,0.5749716119476673,0.5801543787668744,0.03621904725228175,0.4025974025974026
913,0.6098846845576048,0.6161833428855626,0.01679054184156814,0.07142857142857142
914,0.6289773248227951,0.6351099528760651,0.027120961220010013,0.2142857142857143
915,0.46477236661141874,0.4700271017014619,0.0005198906304155275,0.6363636363636365
916,0.6323077194343548,0.6392970034769639,0.005015981823083143,0.3961038961038961
917,0.6130525090806503,0.6200091087966224,0.0,0.6363636363636365
918,0.5968025531614769,0.6025914776044508,0.02654330496399276,0.16233766233766234
919,0.5289212540113553,0.5344470507506911,0.012852851696383871,0.6363636363636365
920,0.6074986775752019,0.6143922553116518,0.0,0.6363636363636365
921,0.6627686285573228,0.6698803052766468,0.011042862094196481,0.13636363636363638
922,0.515821137637973,0.5209600400587329,0.019284091346709286,0.6363636363636365
923,0.5926208696265473,0.5938949663734185,0.1471386760118612,0.12987012987012989
924,0.5998554148887401,0.6066594076856987,7.702083413563368e-05,0.6363636363636365
925,0.5373854780124837,0.5433643272561659,0.0032156198251627062,0.6363636363636365
926,0.6030412243890397,0.6098842212745682,0.0,0.6363636363636365
927,0.6604415135592623,0.6674055229836623,0.014316247544960912,0.2077922077922078
928,0.6221254011355222,0.6289920085823838,0.0052085339084222285,0.2077922077922078
929,0.6184070952498502,0.6254244560133215,0.0,0.6363636363636365
930,0.5257661247663716,0.5313556236119695,0.010166750105903647,0.6363636363636365
931,0.6093528934654583,0.6161833428855626,0.002272114607001194,0.07142857142857142
932,0.610477130867158,0.6161833428855626,0.03296491701005122,0.07142857142857142
933,0.6026529604683147,0.6094466138565696,0.0012130781376362308,0.1103896103896104
934,0.5653838558380647,0.5717995365712478,0.0,0.6363636363636365
935,0.6150558944881335,0.6215212974293151,0.013873377748681017,0.15584415584415584
936,0.46574461332298905,0.4698238121918782,0.03255093002657219,0.6363636363636365
937,0.6171135874739924,0.6239625547856312,0.004149497439057266,0.1168831168831169
938,0.5236890362168072,0.5286714887889402,0.02591751068664074,0.6363636363636365
939,0.6255548894452869,0.631194668251136,0.03937690145184272,0.2272727272727273
940,0.9195986881546003,0.9300338138217608,0.0,0.12337662337662339
941,0.6779885037204219,0.6727976880633036,0.3478068317479878,0.2012987012987013
942,0.6418496314842896,0.6486048098297967,0.014258481919359186,0.35064935064935066
943,0.582425150756427,0.5870230676529655,0.05480995109177032,0.4610389610389611
944,0.5551176076453785,0.5609659889517501,0.013122424615858589,0.2012987012987013
945,0.6690143527171422,0.6677336393850956,0.2395059113490199,0.2207792207792208
946,0.5400359699545086,0.544853690400063,0.03580506026880271,0.19480519480519481
947,0.5886782804951158,0.5857362807221271,0.2597431355181577,0.24025974025974028
948,0.7271862326762352,0.7297979266609912,0.15346401201525012,0.07142857142857142
949,0.46057516662552456,0.4658015330882209,0.0,0.18831168831168832
950,0.6029255563000318,0.6069029984489367,0.07792582893672738,0.5584415584415585
951,0.6413442888881052,0.6471222230028857,0.04048407594254246,0.5519480519480521
952,0.5773576189300702,0.583909171673711,0.0,0.3116883116883117
953,0.5669651232499913,0.5692876628589709,0.11097739438518119,0.16233766233766234
954,0.599840956377614,0.6049995666723612,0.04544229214002387,0.2532467532467533
955,0.6745068237119582,0.6716984981185021,0.2830323102399199,0.28571428571428575
956,0.6781507211623232,0.6821871668682323,0.09937613124350136,0.6298701298701299
957,0.7098920901364743,0.7024101932926587,0.41968652520506794,0.07142857142857142
958,0.610747963465811,0.617440884658882,0.006411984441791504,0.3181818181818182
959,0.6572758049158938,0.6535675704014754,0.3023067739823622,0.24675324675324678
960,0.5618316465070353,0.5661537945770205,0.056205953710478686,0.33116883116883117
961,0.6146112071093558,0.6096249379877834,0.3228713366965764,0.2012987012987013
962,0.6165747434495892,0.6234685969421692,0.0027727500288828124,0.4675324675324676
963,0.5370948972035123,0.5415026233262943,0.04553856818269342,0.3051948051948052
964,0.68875233628381,0.6928459568391406,0.10047367812993414,0.07792207792207792
965,0.648954755439574,0.6535593674914396,0.07448877421342473,0.5389610389610391
966,0.5781376732376485,0.5822118825928186,0.06711402934493779,0.4155844155844156
967,0.8553200268011426,0.8621483136065236,0.07767551122578657,0.13636363636363638
968,0.6124216242902987,0.6168267363509818,0.06928986790926946,0.4675324675324676
969,0.6065091511796029,0.6116984909855369,0.04570223745523164,0.37662337662337664
970,0.6661388722361322,0.6666112673032363,0.19130049678438016,0.26623376623376627
971,0.5740050075819022,0.5805185166428128,0.0,0.045454545454545456
972,0.274255386677011,0.2773674935794397,0.0,0.16883116883116883
973,0.5747237013788483,0.5805185166428128,0.019621057496052682,0.16883116883116883
974,0.5925824311457488,0.5973123700239988,0.05409750837601571,0.35064935064935066
975,0.8053492964700075,0.7867050800621852,0.7499903723957331,0.3116883116883117
976,0.2848347850618895,0.28806694145226464,0.0,0.17532467532467533
977,0.60215255492471,0.6050273852368305,0.10762698810028112,0.12987012987012989
978,0.6097855908593999,0.6165146691213578,0.005141140678553548,0.24675324675324678
979,0.5634256091970237,0.5698190687699879,0.0,0.4740259740259741
980,0.5490341009274606,0.5516934907768977,0.09639157392074556,0.12987012987012989
981,0.5893126917515957,0.594960631381552,0.028921323217930447,0.3246753246753247
982,0.6646838523115985,0.6689533764425977,0.08835252435783879,0.5519480519480521
983,0.5791748069259794,0.578698183911383,0.190279970732083,0.2272727272727273
984,0.5741679303170293,0.5805185166428128,0.004447953171332846,0.2142857142857143
985,0.5394160172091548,0.5332369431962746,0.3320368159587168,0.35714285714285715
986,0.6133409740099447,0.6168977093552049,0.0923864905456926,0.5064935064935066
987,0.5911743132207216,0.5966907321025877,0.03234875033696615,0.34415584415584416
988,0.5897115350707057,0.5913937921090145,0.13600916547926212,0.6688311688311689
989,0.6887417568854252,0.680263049492436,0.44054954365155774,0.17532467532467533
990,0.5867059279895617,0.591576039371115,0.04851349790118227,0.48051948051948057
991,0.9774348485382798,0.9570320872875224,0.8501752223976586,0.34415584415584416
992,0.6299121909934056,0.633885222742889,0.08570493318442637,0.29870129870129875
993,0.6751895475543958,0.6797337834709937,0.08415488889744675,0.07792207792207792
994,0.7228603166766583,0.7290689376125894,0.053827935456540986,0.4155844155844156
995,0.600359699545086,0.6056697087574624,0.041947471791119496,0.19480519480519481
996,0.5657897520894312,0.5722100387213018,0.0,0.35064935064935066
997,0.6472412455478366,0.6537772795797828,0.0218257788731852,0.4090909090909091
998,0.5784377755051663,0.5724964272760311,0.3375726884122155,0.27922077922077926
999,0.615808795006524,0.6224346736293919,0.009772018330958525,0.3116883116883117
1000,0.6956991219099341,0.6997574435167231,0.10390110524896984,0.27922077922077926
1001,0.5871234615791515,0.5893637501992772,0.11937266530596526,0.2142857142857143
1002,0.5984712769333851,0.6052399476012373,0.0006065390688181153,0.07792207792207792
1003,0.7469795817611172,0.7540885265184032,0.03691223475950245,0.0
1004,0.5740050075819022,0.5805185166428128,0.0,0.05844155844155845
1005,0.6787026131114011,0.6840014365792011,0.06538106057688604,0.29220779220779225
1006,0.5846429453045103,0.5888195049508129,0.06634382100358147,0.3116883116883117
1007,0.6986031667665833,0.7037786526755931,0.07532637578464974,0.2532467532467533
1008,0.6472609937581549,0.6537726431523712,0.022490083567605037,0.26623376623376627
1009,0.6160990231688825,0.6227763426647974,0.008472291754919706,0.3246753246753247
1010,0.5845350354409846,0.5894054780459812,0.04757962028728771,0.4415584415584416
1011,0.6132013259512643,0.6175728445159802,0.07017560750182925,0.37662337662337664
1012,0.5693814578410975,0.573385551394263,0.06632456579504756,0.16233766233766234
1013,0.6365059773600875,0.6412025751431141,0.06827896946123926,0.4155844155844156
1014,0.6210903833268682,0.6279306233533996,0.005603265683367351,0.18181818181818182
1015,0.6038403216137109,0.6080218040481717,0.07278468825817383,0.4545454545454546
1016,0.6443389639242515,0.651016108732069,0.01712750799091154,0.14285714285714288
1017,0.6012614169340904,0.6076448268347859,0.012294450648900527,0.12987012987012989
1018,0.6910917939133195,0.6893568668878124,0.25861670581892404,0.24025974025974028
1019,0.5826392072504144,0.5871939021706684,0.05569569068433011,0.5389610389610391
1020,0.5740050075819022,0.5805185166428128,0.0,0.12337662337662339
1021,0.5673551504037804,0.5737932003582176,0.0,0.2012987012987013
1022,0.6269213950700003,0.6321622549871019,0.05056417761004351,0.3246753246753247
1023,0.768370420002116,0.7736385576716289,0.09454307390149035,0.045454545454545456
1024,0.6093874528335156,0.6135459289849113,0.07475834713289946,0.36363636363636365
1025,0.5333536692880065,0.5244844381880414,0.40279970732083026,0.3246753246753247
1026,0.5730807208096766,0.5786503930442176,0.025801979435437283,0.2337662337662338
1027,0.5709701308318934,0.5769520340185379,0.013420880348134169,0.14285714285714288
1028,0.6012797545579575,0.6081027632037428,0.0,0.1038961038961039
1029,0.5856056705575343,0.5891451248144092,0.08383717795663727,0.18831168831168832
1030,0.5743142786613535,0.5805185166428128,0.008443408942118842,0.14285714285714288
1031,0.5280981768170118,0.5283619180971532,0.1546482073400855,0.9090909090909092
1032,0.5687093133970449,0.5730966663016966,0.055772711518465745,0.25974025974025977
1033,0.6057929259089466,0.6126204267439119,0.0007413255285554743,0.1168831168831169
1034,0.5922731600662976,0.5989939665813445,0.0,0.24675324675324678
1035,0.5754540325140177,0.5764559362855013,0.15000770208341357,0.26623376623376627
1036,0.5758105582395882,0.5805185166428128,0.049293333846805565,0.12987012987012989
1037,0.604804810099799,0.6089052217942047,0.0746620710902299,0.38311688311688313
1038,0.6103875586274994,0.6038026551036545,0.3647321600492934,0.27272727272727276
1039,0.59244172514723,0.5974215043923017,0.0472233989294104,0.3246753246753247
1040,0.619384631660613,0.6255410799951353,0.023539492432703046,0.19480519480519481
1041,0.6230750784638713,0.6265279257372722,0.09765279007971656,0.36363636363636365
1042,0.59470148464224,0.6014498465164203,0.0,0.33766233766233766
1043,0.5882984800930987,0.5903716381888974,0.12545731120268033,0.2272727272727273
1044,0.6012977395352118,0.6079872091667163,0.0036103516001078292,0.35064935064935066
1045,0.5994121380964136,0.6061258618851072,0.0023780182539376903,0.38311688311688313
1046,0.592478753041577,0.5978434192867534,0.03762467747525705,0.35064935064935066
1047,0.5740244031456078,0.5805185166428128,0.0005295182346824817,0.14285714285714288
1048,0.6785615544662694,0.6821465089663157,0.11108329803211768,0.07142857142857142
1049,0.5740050075819022,0.5805185166428128,0.0,0.26623376623376627
1050,0.5742885354586169,0.5805185166428128,0.008087187584241538,0.2077922077922078
1051,0.55949395211059,0.5637838668731898,0.055580159433126664,0.2207792207792208
1052,0.5422812709383926,0.5470067759603379,0.039242114992105365,0.25974025974025977
1053,0.6435190605494234,0.6489076042045977,0.0516617244964763,0.27922077922077926
1054,0.7492076030609727,0.7472094948327017,0.28343666961913194,0.16233766233766234
1055,0.5051059703071552,0.5091888641573132,0.044508414526129324,0.18831168831168832
1056,0.5034756850160454,0.5091888641573132,0.0,0.18831168831168832
1057,0.6285298162711147,0.6352287167474534,0.011697539184349367,0.2142857142857143
1058,0.37652290439750324,0.38079548968341403,0.0,0.4415584415584416
1059,0.6276746482350037,0.6319454128435459,0.07741556591057881,0.3246753246753247
1060,0.6998250872800367,0.7062306094797821,0.04214965148072554,0.12987012987012989
1061,0.5039891384843249,0.5091888641573132,0.014017791812685332,0.37012987012987014
1062,0.5969570123778961,0.6035658406574026,0.0044575807755998,0.4935064935064935
1063,0.6124784003949643,0.6175068645874311,0.05187353179034929,0.4155844155844156
1064,0.5636379024579469,0.5587989941092406,0.3039723495205453,0.29870129870129875
1065,0.6941393659413901,0.6982887659720466,0.10079138907074363,0.09090909090909091
1066,0.5933825863102585,0.5878105470164054,0.3327877690915393,0.29220779220779225
1067,0.6119219240399196,0.6188350227167111,0.0008279739669580621,0.09740259740259741
1068,0.6270240152343337,0.6334761471858847,0.017897716332267877,0.35064935064935066
1069,0.6374768134852065,0.6440639641525698,0.01762814341279316,0.03896103896103896
1070,0.603627323059562,0.6104769706867227,0.0,0.18831168831168832
1071,0.6063236590612547,0.6127502467114355,0.012246312627565757,0.4545454545454546
1072,0.8078435659625489,0.7937824081817965,0.6270362383024608,0.29870129870129875
1073,0.6003723948231477,0.6058212842689941,0.037162552470443255,0.29220779220779225
1074,0.5897651373558557,0.5964574841389602,0.0,0.26623376623376627
1075,0.7509616673131855,0.7454740443877295,0.3781722956059614,0.3116883116883117
1076,0.6105064005360229,0.613599069576013,0.10491200369700003,0.4935064935064935
1077,0.6050678844729697,0.6103631998910083,0.042399969191666345,0.2077922077922078
1078,0.5433646013330042,0.5495304190652749,0.0,0.8831168831168832
1079,0.5789452339810276,0.5833988080101773,0.05772711518465745,0.3116883116883117
1080,0.6130084282540467,0.6087308207938776,0.3035968729541341,0.29220779220779225
1081,0.7148661706104313,0.7216909550077518,0.03474602379943775,0.34415584415584416
1082,0.6210646401241317,0.6271449272312718,0.02611006277197982,0.16233766233766234
1083,0.6101988926896358,0.6165781525120699,0.014710979319906035,0.13636363636363638
1084,0.622146207285679,0.628615031368998,0.01664612777756383,0.13636363636363638
1085,0.9045494939521106,0.9111157633895566,0.0998286286440482,0.3181818181818182
1086,0.608806291215573,0.6155727610602868,0.0038317864982477757,0.34415584415584416
1087,0.5643766971118243,0.56884969879271,0.052566719297569994,0.4415584415584416
1088,0.5528462108121451,0.5591196208971629,0.0,0.07792207792207792
1089,0.6987262404344606,0.7046845392621589,0.05319251357492202,0.032467532467532464
1090,0.6871760059244632,0.6929458183526203,0.054742557861901645,0.3051948051948052
1091,0.5785495644814331,0.5844141856133084,0.01934185697231101,0.4415584415584416
1092,0.5753577599887153,0.5805185166428128,0.03693148996803635,0.1168831168831169
1093,0.574079768663822,0.5805185166428128,0.0020410521045942927,0.12337662337662339
1094,0.5489921359805339,0.5513632344858898,0.1050275349482035,0.6818181818181819
1095,0.5857580138942766,0.5879050588059488,0.12190472522817422,0.2272727272727273
1096,0.6269757026483761,0.6083249550712352,0.695527015057573,0.35064935064935066
1097,0.64434002186409,0.6507468392939363,0.02624484923171718,0.03896103896103896
1098,0.5740050075819022,0.5805185166428128,0.0,0.18831168831168832
1099,0.6866428042458652,0.6909403851729905,0.0943216390033504,0.09090909090909091
1100,0.9616680184786826,0.9597600898468303,0.34608349058420307,0.3051948051948052
1101,0.6135511513911909,0.6150499147075681,0.14748526976547155,0.2077922077922078
1102,0.5848629967909158,0.5870933273606638,0.11972888666384257,0.18831168831168832
1103,0.5430267658779138,0.5436621285552928,0.14918935572072245,0.24025974025974028
1104,0.6312610642874775,0.6358774599368091,0.0697038548927485,0.2337662337662338
1105,0.6133896392425151,0.5905449692444371,0.8045788885893634,0.2077922077922078
1106,0.30952004795993937,0.3130323198221895,0.0,0.18181818181818182
1107,0.6154600275064358,0.6218618965199333,0.016838679862902915,0.12987012987012989
1108,0.5805497760694008,0.5825121804297826,0.12486039973812915,0.25974025974025977
1109,0.5712205099270021,0.5769520340185379,0.02025647937767166,0.09740259740259741
1110,0.6115403604048384,0.6110925455876726,0.19941656718142256,0.6168831168831169
1111,0.6059283422082731,0.6103471507191991,0.06632456579504756,0.38311688311688313
1112,0.744687026131114,0.7471171229327329,0.1638136866022259,0.2337662337662338
1113,0.6288937475755546,0.6354990561303735,0.01433550275349482,0.4740259740259741
1114,0.6173590295165216,0.6235734515313228,0.021354026264104438,0.12987012987012989
1115,0.6157326233381528,0.6134471374162189,0.25030808333654253,0.15584415584415584
1116,0.5722019254505061,0.5778811027421615,0.022576732006007624,0.15584415584415584
1117,0.5986416052473816,0.6039185657889434,0.041966726999653405,0.35714285714285715
1118,0.5842952357442607,0.5909255129404473,0.0,0.5324675324675325
1119,0.6001914871107663,0.6051925133823345,0.04980359687295414,0.33116883116883117
1120,0.5866286983813521,0.5909472684844553,0.0638984095197751,0.4350649350649351
1121,0.6159995768240646,0.609439480891321,0.3658682173527939,0.24025974025974028
1122,0.6087600945092922,0.615635531154474,0.0008761119882928333,0.26623376623376627
1123,0.61130126600134,0.61799154957607,0.00665267454846536,0.4610389610389611
1124,0.6839799696723914,0.688418881957628,0.08969076135094542,0.07142857142857142
1125,0.5756204817152731,0.5811226787993651,0.027794893518696805,0.37012987012987014
1126,0.799033395634235,0.7923600949112356,0.42490468671775716,0.7012987012987014
1127,0.5980466904115386,0.6040794141552982,0.020343127816074245,0.2142857142857143
1128,0.563871001869027,0.5698190687699879,0.012159664189163168,0.16883116883116883
1129,0.606812779913249,0.6135612648601957,0.0037066276427773714,0.4285714285714286
1130,0.6196198469513701,0.6183210925705531,0.22529556745099547,0.2077922077922078
1131,0.6389533448531227,0.643502599787509,0.07300612315631377,0.3051948051948052
1132,0.6075392319356773,0.6098153881599196,0.12465822004852312,0.12337662337662339
1133,0.7556860739852594,0.7569213836668649,0.19744290830669697,0.07142857142857142
1134,0.662429382515781,0.6611645350394435,0.23706049986521352,0.3246753246753247
1135,0.6101047360440103,0.6090150694590324,0.21630338506566027,0.2272727272727273
1136,0.3694699721409176,0.37366252443486414,0.0,0.16233766233766234
1137,0.5904489191381317,0.5928407141096829,0.11630145954480686,0.26623376623376627
1138,0.6890982826109956,0.6943435228930737,0.0694920475988755,0.12987012987012989
1139,0.5740847057164016,0.5805185166428128,0.002175838564331652,0.14935064935064934
1140,0.5989311281165145,0.604151813752571,0.042708052528208876,0.3051948051948052
1141,0.6096487639736221,0.6142831209433489,0.06233873762852851,0.3051948051948052
1142,0.6221864089995416,0.6287698167148915,0.012872106904917779,0.5129870129870131
1143,0.4670483478506189,0.46639107266601354,0.1608098740709362,0.2272727272727273
1144,0.6455756955954438,0.6523282176895399,0.015471560056995418,0.012987012987012986
1145,0.6077300137532179,0.6114823621385058,0.08486733161320137,0.25974025974025977
1146,0.6012226258066792,0.6074643628139976,0.015673739746601457,0.14285714285714288
1147,0.6763014423246465,0.6758106525842912,0.2204143720876497,0.2532467532467533
1148,0.6450541312550693,0.6506120262507388,0.04790695883236415,0.4090909090909091
1149,0.7777095602496739,0.784268815781543,0.0611641699079601,0.4415584415584416
1150,0.6104326973939416,0.6173228340840186,0.0012515885547040475,0.13636363636363638
1151,0.6029244983601932,0.6084522785009218,0.0355547425578619,0.2532467532467533
1152,0.5742761928271679,0.5805185166428128,0.007403627681287789,0.07142857142857142
1153,0.6321183482032655,0.6368707253476696,0.06542919859822081,0.29870129870129875
1154,0.584274076947491,0.579902941741863,0.2976662687256903,0.28571428571428575
1155,0.6036160383679515,0.6103717594493066,0.002965302114221897,0.09090909090909091
1156,0.6925538667701097,0.6966442608339934,0.10250510263026148,0.27922077922077926
1157,0.5660309623726064,0.5724539861328023,0.0,0.27922077922077926
1158,0.738236061642628,0.7258248650175488,0.5611737975122271,0.24025974025974028
1159,0.5524953274323801,0.5217204141542283,1.0,0.2532467532467533
1160,0.5909235814789999,0.5973915459382578,0.006411984441791504,0.35064935064935066
1161,0.5893747575554538,0.59604020567192,0.0006065390688181153,0.4480519480519481
1162,0.576765172620517,0.5805185166428128,0.0753552585974506,0.2012987012987013
1163,0.6676259830024333,0.6701905892649587,0.1352774675549736,0.4935064935064935
1164,0.5767006382903692,0.5719051044569263,0.30740940424384794,0.3116883116883117
1165,0.5580734915541137,0.5591196208971629,0.14270997804906227,0.18831168831168832
1166,0.6571707162252707,0.6563390840487995,0.2246216351523087,0.14935064935064934
1167,0.5842624396092676,0.5899828915828513,0.02472368775753841,0.3116883116883117
1168,0.6289431181013506,0.6350974701868801,0.02652404975545885,0.16233766233766234
1169,0.6122047466234087,0.6172746865685907,0.051796510956213654,0.19480519480519481
1170,0.6362002327467645,0.642248624496814,0.031607424808410674,0.7207792207792209
1171,0.5950439045032972,0.6017419414433484,0.0014633958485770402,0.34415584415584416
1172,0.5740050075819022,0.5805185166428128,0.0,0.37662337662337664
1173,0.541648270268364,0.5472753321019458,0.014017791812685332,0.12987012987012989
1174,0.5881299150121664,0.5923599522519306,0.06596834443717024,0.5000000000000001
1175,0.5859502062982685,0.5911962089716297,0.03822158893980822,0.4090909090909091
1176,0.6789374757555454,0.6746344266148052,0.32413255285554743,0.27272727272727276
1177,0.6213996544063195,0.6280725693618457,0.010214888127238418,0.2272727272727273
1178,0.6493588884578764,0.6513035672315857,0.14641660569183962,0.5389610389610391
1179,0.5883055330253554,0.5856096705889654,0.25333115107636617,1.0
1180,0.5927467644673273,0.5994547561364009,0.0004910078176146648,0.2337662337662338
1181,0.552232958352435,0.5580953270874712,0.01090807563445912,0.17532467532467533
1182,0.6783397397467997,0.6836019905252823,0.06651711788038664,0.19480519480519481
1183,0.588533342737243,0.5940929061590658,0.03054838833904571,0.27922077922077926
1184,0.7410561766054238,0.7398793030950293,0.2587707474871953,0.35714285714285715
1185,0.606570864336848,0.610623196474318,0.0769341856972311,0.5844155844155845
1186,0.6122904397503263,0.6160406835805916,0.08692763892632957,0.4415584415584416
1187,0.5755531262122228,0.5805185166428128,0.04278507336234451,0.4025974025974026
1188,0.5869605388440244,0.5844209619302946,0.2483536796703508,0.34415584415584416
1189,0.589363825510456,0.5946186056978839,0.03868371394462202,0.2142857142857143
1190,0.5809313397044822,0.5777302405271547,0.2647976277583086,0.3961038961038961
1191,0.5683425609197024,0.573385551394263,0.038308237378210805,0.3181818181818182
1192,0.5740050075819022,0.5805185166428128,0.0,0.05844155844155845
1193,0.5478643721127059,0.551986655648613,0.05714945892864019,0.14935064935064934
1194,0.5451990690129421,0.5484201730243381,0.08005352947972427,0.1103896103896104
1195,0.5929629368409917,0.5973244960649214,0.06424500327338545,0.4220779220779221
1196,0.5961984695137004,0.6028882089587904,0.0020410521045942927,0.29870129870129875
1197,0.5768935359875869,0.5834398225603565,0.0,0.1103896103896104
1198,0.6094033219310929,0.6146996861138643,0.04439288327492587,0.36363636363636365
1199,0.5911549176570159,0.5977107461331304,0.0041109870219894476,0.2142857142857143
1200,0.6145720633353317,0.618749783781991,0.07660684715215466,0.34415584415584416
1201,0.569991889127905,0.573385551394263,0.0829899487811453,0.18831168831168832
1202,0.6113806114892266,0.6056878978188462,0.3409519775099164,0.17532467532467533
1203,0.6934308988962161,0.6919051187228569,0.25438055994146413,0.29220779220779225
1204,0.5964114680678493,0.6025008889457941,0.01900489082296761,0.2532467532467533
1205,0.6000416123003138,0.6055402454382013,0.035371818076789775,0.27922077922077926
1206,0.5977924322036887,0.6035850996635737,0.027352023722416914,0.35064935064935066
1207,0.828865888493141,0.8327273284940919,0.1496611083298032,0.2532467532467533
1208,0.6556099023168883,0.6603413908497608,0.07310239919898333,0.3181818181818182
1209,0.6722731600662976,0.6735366632630534,0.1718238533523318,0.12337662337662339
1210,0.607357971576683,0.6130319988387533,0.032878268571648626,0.19480519480519481
1211,0.5767813943647071,0.5815906013196699,0.04685754996726615,0.27922077922077926
1212,0.5500631237436965,0.5555788169477828,0.019601802287518774,0.09740259740259741
1213,0.6916986987339987,0.6971799465241596,0.06417761004351677,0.19480519480519481
1214,0.5806901294213069,0.5837743586305135,0.09496668848923634,0.2012987012987013
1215,0.5899605035793631,0.5965598421902769,0.002570570339276774,0.34415584415584416
1216,0.5872969637126636,0.5895909351424435,0.1179766626872569,0.2012987012987013
1217,0.6232157844623902,0.6300337781569345,0.006594908922863634,0.025974025974025976
1218,0.6033409740099447,0.6080571122261521,0.05802557091693303,0.34415584415584416
1219,0.5379486546531721,0.5429163770385569,0.031376362306003776,0.28571428571428575
1220,0.5740050075819022,0.5805185166428128,0.0,0.1038961038961039
1221,0.6674426067637621,0.6694847823536146,0.1493241421804598,0.2077922077922078
1222,0.623195683605459,0.6300697996314397,0.005333692763892632,0.13636363636363638
1223,0.6349546849102514,0.6408152551301178,0.036469364963222554,0.27922077922077926
1224,0.6404679620552245,0.6465704881409103,0.03145338314013941,0.05194805194805195
1225,0.5859808865535847,0.5926302916348507,0.0,0.1038961038961039
1226,0.6293775787283563,0.6324258180530358,0.11128547772172373,0.3051948051948052
1227,0.5870603378354551,0.579337297597653,0.3883101628990642,0.2012987012987013
1228,0.5134284303699264,0.5127553467815883,0.17544383255670656,0.25974025974025977
1229,0.6280135416299327,0.6347251294009059,0.011196903762467748,0.08441558441558442
1230,0.6043326162852206,0.6111902672115777,0.0,0.16883116883116883
1231,0.5979856825475192,0.6042206468672195,0.015558208495398004,0.13636363636363638
1232,0.6433057093486617,0.6500877533049703,0.013979281395617514,0.4935064935064935
1233,0.6683693620622775,0.6752692605219263,0.018475372588285133,0.0
1234,0.7137662658250168,0.7193331533448436,0.06897215696845997,0.19480519480519481
1235,0.5822350742321121,0.5868814782927818,0.05422266723148612,0.3246753246753247
1236,0.5892329936170964,0.5917614964675773,0.1128451496129703,0.19480519480519481
1237,0.5427249003773319,0.546502118669003,0.06428351369045326,0.33116883116883117
1238,0.7085259371583736,0.7154164421268648,0.03102976855239342,0.0
1239,0.6073205910357231,0.6141390350453282,0.0024069010667385525,0.3051948051948052
1240,0.6192287618577423,0.6248666581308849,0.038183078522740395,0.07142857142857142
1241,0.6431886306732024,0.6500549416648269,0.011322062617938151,0.025974025974025976
1242,0.6226712980921818,0.629406790511587,0.0089151615511996,0.4350649350649351
1243,0.5861522728074197,0.5903837642298199,0.06532329495128432,0.5259740259740261
1244,0.6044154882392355,0.6101870156493692,0.02995147687449455,0.4155844155844156
1245,0.6709687202454421,0.6778681564102353,0.01954403666191705,0.0
1246,0.6160246147335755,0.6212862662243753,0.04666499788192706,0.35064935064935066
1247,0.6045212822230843,0.6017997184618616,0.2589921823853352,0.24675324675324678
1248,0.5786595902246359,0.5785904761361298,0.17912157738668308,0.2532467532467533
1249,0.646380787812533,0.652944862535277,0.02080525282088805,0.5649350649350651
1250,0.43958634552315123,0.4342927290475387,0.27755420341202297,0.33116883116883117
1251,0.5740416828296364,0.5805185166428128,0.0013478645973735894,0.15584415584415584
1252,0.5742984095637762,0.5805185166428128,0.008010166750105904,0.1103896103896104
1253,0.592160665796805,0.5875983413002611,0.3049832479685755,0.18831168831168832
1254,0.5906703812109885,0.5926345714139998,0.12791235029075365,0.2207792207792208
1255,0.6151609831787566,0.6195879071986955,0.06893364655139214,0.24675324675324678
1256,0.7178626088796417,0.7229780985868526,0.08180575345630993,0.1038961038961039
1257,0.5740050075819022,0.5805185166428128,0.0,0.1168831168831169
1258,0.598975561589731,0.6026431916025027,0.08447259983825624,0.6233766233766235
1259,0.5920143174524809,0.5979172454770759,0.021999075749990372,0.3181818181818182
1260,0.6821902881122828,0.6878015238153661,0.05888242769669195,0.12987012987012989
1261,0.600847057164016,0.6071045047172082,0.015307890784457195,0.29870129870129875
1262,0.5740050075819022,0.5805185166428128,0.0,0.1038961038961039
1263,0.5678213492259407,0.573385551394263,0.024511880463665422,0.2142857142857143
1264,0.6876972176182248,0.6925699110840217,0.07929294874263489,0.16233766233766234
1265,0.41565080932397647,0.42036739764105713,0.0,0.18181818181818182
1266,0.6155859223472159,0.620094704379605,0.06685408402973003,0.5064935064935066
1267,0.615197305779878,0.6134592634571414,0.2353660415142296,0.19480519480519481
1268,0.5795158162005855,0.584453060273913,0.0442388416066546,0.26623376623376627
1269,0.672858906090207,0.6736729028993007,0.1846574498401818,0.2142857142857143
1270,0.5814444405261487,0.576442383651529,0.3132244772210883,0.25974025974025977
1271,0.5746704517403111,0.5788740115047597,0.06256017252666847,0.24025974025974028
1272,0.8692943541277287,0.8652668460131896,0.3762178919397697,0.2532467532467533
1273,0.5940222872659309,0.5958083843013421,0.13409327223013826,0.27272727272727276
1274,0.5996357160489474,0.6028760829178679,0.09655524319328378,0.5000000000000001
1275,0.595583453820926,0.5995250158440991,0.07621211537720952,0.48701298701298706
1276,0.5835765419473147,0.5886311946682512,0.04291985982208187,0.4155844155844156
1277,0.577845681842226,0.5843489189812842,0.0014537682443100859,0.37662337662337664
1278,0.6135864160524739,0.618724818403621,0.04941849270227596,0.2532467532467533
1279,0.5885287583312763,0.5952070753308893,0.0,0.2272727272727273
1280,0.6056532778502662,0.6107023723885768,0.04957253437054723,0.38311688311688313
1281,0.5746718623267624,0.5805185166428128,0.01820579966881041,0.17532467532467533
1282,0.5034756850160454,0.5091888641573132,0.0,0.26623376623376627
1283,0.7674376697111824,0.7719469749629353,0.11335541263911887,0.7142857142857144
1284,0.9173114222237896,0.9246616210448153,0.08257596179766626,0.0
1285,0.5734749797228198,0.5782056526609706,0.048397966649978814,0.4480519480519481
1286,0.6420760306097261,0.6488466173517227,0.013911888165748834,0.35064935064935066
1287,0.5152854674330853,0.5129443703606749,0.22104016636500173,0.4025974025974026
1288,0.6064435589096167,0.5995531910568308,0.37176993876843684,0.8441558441558442
1289,0.606504919420249,0.6082036946620099,0.1399276004159125,0.2012987012987013
1290,0.6008491730436929,0.6050698263800594,0.07037778719143528,0.33766233766233766
1291,0.6453619917480693,0.6521630895440359,0.014094812646820965,0.33766233766233766
1292,0.533461931798145,0.5350373036250087,0.12088419917587707,0.4285714285714286
1293,0.6110921465599323,0.6178353376371268,0.005160395887087457,0.35064935064935066
1294,0.5799569771132349,0.5856303561881862,0.025368737243424345,0.33116883116883117
1295,0.5662841626406179,0.5727100595852253,0.0,0.48701298701298706
1296,0.5758535811263533,0.5823620315113006,0.0007028151114876574,0.603896103896104
1297,0.6045752371548472,0.6114356412161278,0.0,0.3181818181818182
1298,0.5741936735197659,0.5807093234632116,0.0,0.3246753246753247
1299,0.5653076841696936,0.570839439448793,0.023837948164978626,0.3116883116883117
1300,0.6216447438022358,0.6188036376696174,0.2705838179227481,0.17532467532467533
1301,0.6355823958810876,0.6408944310443767,0.051295875534332035,0.27922077922077926
1302,0.5737186585322849,0.5799435996437797,0.007702083413563369,0.29870129870129875
1303,0.5977462354974081,0.6020454491146742,0.06704663611506913,0.38311688311688313
1304,0.585740734210248,0.5922226426708961,0.004447953171332846,0.4480519480519481
1305,0.6025672673413972,0.6081134626516157,0.035294797242654136,0.2272727272727273
1306,0.5735617307895758,0.5769520340185379,0.08556051912042208,0.18181818181818182
1307,0.6049938286842755,0.6114406342918017,0.011293179805137289,0.2337662337662338
1308,0.6046820890785344,0.6064639644378885,0.13729926445103402,0.2012987012987013
1309,0.613594174277956,0.612824072901758,0.21013209073054262,0.3051948051948052
1310,0.43438233945762955,0.43735491102874124,0.0528170370085108,0.37662337662337664
1311,0.49790739499947106,0.5035573880935831,0.0,0.1168831168831169
1312,0.6136368445181084,0.6151101882639183,0.14819771248122618,0.2012987012987013
1313,0.5942716084212012,0.5990392609106728,0.053596872954134095,0.6298701298701299
1314,0.635691011037839,0.6424997048735629,0.010927330842993029,0.27922077922077926
1315,0.6740850583630145,0.6779330663939972,0.10261100627719798,0.06493506493506494
1316,0.5740050075819022,0.5805185166428128,0.0,0.38961038961038963
1317,0.6044243044045562,0.6112829957598088,0.0,0.24025974025974028
1318,0.6568938886341997,0.6620222741105817,0.06408133400084723,0.5389610389610391
1319,0.6920150227457066,0.6980844065176757,0.048138021334771054,0.2077922077922078
1320,0.514055083400924,0.5198883120301382,0.0,0.07142857142857142
1321,0.45559262263285966,0.4592581074174636,0.04060923479801286,0.4155844155844156
1322,0.6408731530133653,0.6470241447307181,0.031395617514537684,0.15584415584415584
1323,0.6817233839968968,0.68847059595568,0.026687719027997072,0.4090909090909091
1324,0.6063472863843143,0.6079922022423903,0.14176647283090074,0.17532467532467533
1325,0.6358317170363579,0.642521460417571,0.014181461085223553,0.2012987012987013
1326,0.6457149910075114,0.6498195538116248,0.0880348134170293,0.3051948051948052
1327,0.8014010649927708,0.8018711907736521,0.23409519775099163,0.24025974025974028
1328,0.5077219028811228,0.5091888641573132,0.11687911580082412,0.29870129870129875
1329,0.590264484959622,0.5969624980785575,0.0,0.07792207792207792
1330,0.8006675600380859,0.8055617869932519,0.11366349597566142,0.2532467532467533
1331,0.6832253059209367,0.6850510524155252,0.16000115531251202,0.13636363636363638
1332,0.5864530803681631,0.5921894743824903,0.024791080987407094,0.3181818181818182
1333,0.5785492118348203,0.5811030631449315,0.1091481495744599,0.5194805194805195
1334,0.6005236802200515,0.60512867334336,0.0599029537489891,0.38311688311688313
1335,0.6092837747293438,0.6057178562728901,0.2839373050410136,0.28571428571428575
1336,0.5563670345946328,0.5602712381365413,0.06555435745369123,0.4025974025974026
1337,0.6031590083577247,0.6088524378513654,0.03167481803827935,0.38961038961038963
1338,0.5761078393342032,0.5796454416963903,0.08097777948935186,0.4415584415584416
1339,0.6129185033677752,0.6061590301735129,0.37021989448145726,0.27922077922077926
1340,0.6964421483231654,0.7000798535459576,0.11539646474371316,0.27922077922077926
1341,0.5924445463201327,0.5977143126157547,0.03965610197558439,0.35064935064935066
1342,0.6233420319497831,0.6299888404758687,0.011514614703277236,0.27272727272727276
1343,0.609923828331629,0.6161080901021905,0.0198906304155274,0.48051948051948057
1344,0.5374704658461755,0.5412872077757881,0.06169368814264258,0.14285714285714288
1345,0.5941566456254188,0.6000671212029889,0.023058112219355335,0.2532467532467533
1346,0.5924660577635152,0.597943994096758,0.033609966495937144,0.4090909090909091
1347,0.5771456783157598,0.5805185166428128,0.0857434436014942,0.2272727272727273
1348,0.6478855309094756,0.6543422104274679,0.024771825778873185,0.5259740259740261
1349,0.7648492435730155,0.7698916110265657,0.09817268071013209,0.35064935064935066
1350,0.6391113305356703,0.64594457044035,0.011312435013671197,0.24025974025974028
1351,0.6095412067567091,0.6110968253668216,0.14550198328647898,0.2012987012987013
1352,0.5448795711817188,0.5498228706404654,0.03485192744637425,0.3246753246753247
1353,0.6087629156821949,0.6102904436454731,0.14524203797127125,0.2077922077922078
1354,0.5740050075819022,0.5805185166428128,0.0,0.5714285714285715
1355,0.5756821948725183,0.5805185166428128,0.04578888589363423,0.13636363636363638
1356,0.6943904503297246,0.6997378278622896,0.06844263873377748,0.18831168831168832
1357,0.5777021546708044,0.5805185166428128,0.1012823968883583,0.16233766233766234
1358,0.6247815354233522,0.6314589446135948,0.011389455847806831,0.025974025974025976
1359,0.6547748351377085,0.655657885867563,0.17751376747410175,0.5389610389610391
1360,0.6129026342701979,0.6133091145386594,0.17677244194554628,0.2337662337662338
1361,0.5422668124272667,0.5484201730243381,0.0,0.09740259740259741
1362,0.5850678844729696,0.5828584858925997,0.23912080717834175,0.19480519480519481
1363,0.638570723278203,0.6453257857050384,0.013257211075595948,0.2532467532467533
1364,0.612867369608915,0.6185400746036835,0.034601609735433435,0.2532467532467533
1365,0.5788115809147654,0.5845889432618979,0.022037586167058188,0.24025974025974028
1366,0.6848443065204359,0.6879941138770769,0.12553433203681594,0.38311688311688313
1367,0.6821641922629333,0.6786720415937469,0.3032310239919898,0.18181818181818182
1368,0.6444574531861622,0.6479649828470019,0.10341972503562213,0.2532467532467533
1369,0.7188542511549176,0.707310897066675,0.5318096044980167,0.14285714285714288
1370,0.6529389568713193,0.6591319965918692,0.03283013055031386,0.07792207792207792
1371,0.6299869520753254,0.6368446900245125,0.007856125081834637,0.09740259740259741
1372,0.6069905138061149,0.6123447376370554,0.0421785342935264,0.3051948051948052
1373,0.6224699368762563,0.6281175070429116,0.038741479570223745,0.3181818181818182
1374,0.6386754593222133,0.6454937670366417,0.01184195324835368,0.27272727272727276
1375,0.57513523997602,0.5805185166428128,0.03085647167558824,0.38311688311688313
1376,0.5744059667806891,0.5805185166428128,0.010946586051526937,0.09740259740259741
1377,0.565540430934161,0.5662525861457129,0.1540127854584665,0.26623376623376627
1378,0.6222932609232289,0.6288564822426613,0.013449763160935033,0.3116883116883117
1379,0.6608530521564341,0.6637555846659793,0.12408056379250587,0.5389610389610391
1380,0.4261409881158092,0.43097661350348787,0.0,0.15584415584415584
1381,0.5612388475508693,0.5591838175844,0.2274810336195941,0.38311688311688313
1382,0.5912663539866699,0.5957509639310913,0.06023029229406555,0.2532467532467533
1383,0.5035063652713616,0.5091888641573132,0.0008376015712250163,0.18181818181818182
1384,0.6111746658673344,0.6149340040222792,0.08582046443562984,0.5064935064935066
1385,0.6163370596325423,0.6098503396896375,0.3645107251511534,0.26623376623376627
1386,0.6026229855062243,0.6052659829243945,0.1145492355682212,0.4740259740259741
1387,0.4153140318087245,0.4200267985504388,0.0,0.25974025974025977
1388,0.43601544592164193,0.43785921167181374,0.0844822274425232,0.3051948051948052
1389,0.49573473921782985,0.5009980801624033,0.009772018330958525,0.33766233766233766
1390,0.5855390203477095,0.5911202428917327,0.028699888319790503,0.2532467532467533
1391,0.7101646859681913,0.7151614386192291,0.08265298263180189,0.3051948051948052
1392,0.7045223401629228,0.7075798098565453,0.13396811337466785,0.33766233766233766
1393,0.6101787918327045,0.6142667151232772,0.07664535756922247,0.4935064935064935
1394,0.6258842613816694,0.6325510015931478,0.011755304809951092,0.24675324675324678
1395,0.7222050992700215,0.728928418197193,0.03973312280972003,0.14285714285714288
1396,0.6092696688648306,0.6161833428855626,0.0,0.24025974025974028
1397,0.5465994287124872,0.5184467397534063,0.9274078638271652,0.18181818181818182
